A 0.8056265984654731 0.18900343642611683 0.39506172839506165 0.11246943765281174 0.1683501683501684 0.15860375677642943
C 0.7212276214833759 0.30652920962199315 0.07407407407407403 0.31295843520782396 0.3254769921436589 0.0
D 0.41687979539641945 0.27491408934707906 1.0 0.2567237163814181 0.39618406285072955 0.04631691780648291
E 0.4578005115089514 0.4261168384879725 0.9135802469135803 0.36919315403422986 0.5505050505050506 0.15720954150234845
F 0.9514066496163683 0.7938144329896907 0.037037037037037014 0.7090464547677262 0.7558922558922561 0.26856569651011625
G 0.7698209718670077 0.0 0.5061728395061729 0.0 0.0 0.7809850764645598
H 0.5447570332480819 0.5429553264604811 0.6790123456790124 0.5623471882640587 0.6419753086419753 0.09386509066020621
I 1.0 0.6426116838487973 0.037037037037037014 0.45476772616136923 0.5213243546576881 0.2109103682538993
K 0.26342710997442453 0.6872852233676976 0.7901234567901235 0.5354523227383864 0.7727272727272728 0.19670385781177008
L 0.9181585677749361 0.6426116838487973 0.0 0.45476772616136923 0.5892255892255893 0.3196989943543335
M 0.8107416879795397 0.6467353951890034 0.09876543209876541 0.5403422982885085 0.6470258136924804 0.1422932487388689
N 0.4475703324808184 0.4034364261168385 0.8271604938271604 0.3276283618581908 0.4343434343434344 0.15210345439467518
P 0.6777493606138107 0.28797250859106527 0.38271604938271603 0.32029339853300737 0.32940516273849607 1.0
Q 0.42966751918158563 0.554639175257732 0.691358024691358 0.4400977995110025 0.5897867564534232 0.3107868806153378
R 0.0 0.7216494845360825 0.691358024691358 0.7114914425427873 0.942199775533109 0.2904204735986326
S 0.6010230179028132 0.2013745704467354 0.5308641975308641 0.15158924205378974 0.23400673400673405 0.14933313053838437
T 0.6342710997442456 0.35257731958762883 0.45679012345679004 0.26405867970660146 0.361391694725028 0.14471592411123305
V 0.9232736572890026 0.49140893470790376 0.1234567901234568 0.34229828850855754 0.42873176206509545 0.33900797056576176
W 0.8542199488491049 1.0 0.0617283950617284 1.0 1.0 0.27010476531916666
Y 0.7135549872122763 0.8061855670103093 0.16049382716049382 0.7286063569682152 0.8344556677890012 0.21803716217439642
