V1 V2
213.205 347.362194791018
998.39 1187.91201957142
241.75 528.425489956906
77.925 -34.0755250124247
856.085 1051.49513369997
249.31 205.639254672325
743.505 667.393075278646
1989.21 923.970061183735
1018.99 986.170252901648
196.62 54.0426926653873
544.62 672.39023380267
477.29 264.844377670425
180.13 347.574584531579
734.82 787.207498635654
694.455 503.852139734063
368.97 285.863639449637
530.75 701.709120124129
620.9 767.173012524926
315.54 466.004427081598
753.345 1109.41533741595
461.23 615.931072711276
8.275 -80.1323527405904
1215.42 1046.60485783406
254.77 200.850677858867
356.205 228.160746485021
851.485 890.946472693533
238.93 149.359263173864
307.48 436.689307125305
1541.3 1170.81640698456
483.3 729.007138026535
809.25 336.915396789965
213.55 669.158557971837
200.26 163.014250092168
684.53 498.415907179189
252.59 20.9125763982396
168.155 275.136715846453
462.435 792.849986940945
56.315 82.4641321836823
885.625 1125.4678943788
59.85 49.3186661246426
1130.01 881.921117091372
598.26 636.225746724773
1235.85 1425.85059867736
1052.78 876.522700131774
503.535 685.692661263464
333.605 247.884676052574
203.38 568.36738897172
566.26 431.390201882689
508.405 837.046372991981
87.315 136.920309247934
432.48 227.183433522152
38.795 173.769096431074
541.2 390.85997294049
71.385 66.3707880679599
796.45 683.100232607492
966.075 886.857014410769
603.18 279.230315098251
0 239.258777116042
281.915 458.586203910292
489.44 205.268392848941
494.275 623.404125000079
62.215 86.7054472510937
146.675 270.786633390972
752.96 949.030036352925
638.855 885.123547535706
137.47 1.28123987288526
252.53 -90.1715135161727
355.09 193.977444443405
309.715 179.499542535099
75.075 -97.7715135373875
0 45.9361057380953
615.37 609.65741769944
372.745 265.777005185198
103.025 196.536333331635
32.61 66.5118216910106
649.83 846.57654034905
0 120.491552486949
0 -5.44537317503707
899.13 910.165442524853
1150.96 888.04060999536
40.535 3.4788577118164
311.4 128.057328334944
418.02 273.961742860329
119.38 187.411661978587
157.775 -36.1015759668432
0 -15.1136313291432
1073 622.009929720724
620.135 708.300904225103
66.67 258.773194004699
0 138.691135132089
1019.61 916.067086130375
583.205 886.193036854317
153.5 276.468760731502
824.41 1341.03796228312
803.375 508.440186249015
490.84 597.307432665138
75.13 428.09058192442
412.01 826.352454504091
668.9 306.408930856446
400.365 718.152103572948
548.415 676.628424595033
595.265 1113.20454461827
145.905 269.436332279098
217.145 487.177725612185
60.295 130.912357135573
1238.28 1345.97113404711
384.925 91.7650967965488
1571.27 1383.73686256869
0 243.982399934346
178.365 68.7309974445875
285.96 381.371467959164
296.675 490.925799785628
1004.73 1081.00513254171
901.745 1119.06332368639
292.795 350.856841386552
208.605 397.544163402359
97.205 -149.104018535489
22.075 -1.77022632097327
424.885 220.946352272066
124.985 361.278909547335
408.375 415.35366631964
304.985 375.970131086308
299.575 433.030816503183
257.085 340.72676255138
356.28 421.942763348899
1325.51 1486.3373016132
346.54 723.842027120153
155.89 244.310331017739
1745.36 1432.23982761863
183.345 451.347169656931
93.075 234.487146465197
105.175 636.759955889607
135.04 379.494936499561
0 -240.0815998489
1625.23 1151.42960590615
52.36 -12.9062758520125
174.99 97.3615569601974
1796.53 1389.57389414712
212.73 295.516882865572
94.245 20.523641766338
746.125 879.440345673451
243.82 121.495393205461
262.465 505.670688920058
1628.78 1064.17135575875
541.655 631.842301504741
310.355 196.157123771609
2317.37 1357.36631629817
355.28 459.074137397291
394.86 484.946304328717
0 143.965017318841
105.18 492.48552465334
52.795 109.558659554016
555.75 721.753563280504
211.455 285.347803162208
744.23 470.656113989274
495.69 371.681809591325
870.99 716.947284964092
185.38 36.144274775091
480.325 313.196301052725
0 310.846057668503
1212.02 881.776912488218
279.255 152.251362634282
1975.7 1265.31338484767
214.54 205.858221703627
273.74 990.018976367893
0 3.8378254636224
507.34 594.421233764495
157.835 276.349878288707
1217.64 1109.17356148033
130.51 -20.9924865107555
900.335 883.496458702714
153.71 36.8136412157032
1121.85 919.320399948993
197.735 202.676688001763
0 281.815674555998
61.145 206.424465356689
181.605 501.751881267877
184.035 208.797008608782
11.265 57.6801500687856
198.265 254.737548195088
205.905 70.9374879274202
0 101.925759054863
0 36.0258595981048
232.41 235.980082064915
5.73 269.348852407628
0 -177.312658089499
0 -169.201281250706
62.455 302.710140561211
224.325 428.040464634228
12.71 146.042838811839
147.55 3.37290991418374
496.455 488.766378871515
216.695 412.272302272427
49.79 106.469597280747
271.44 566.547024483182
60.14 -7.9707103689703
0 76.4236157042226
85.13 -113.719607927485
6.115 -173.666702941313
354.89 261.539131966769
0 -181.711004280036
0 -102.002227185938
42.61 269.912809698787
275.645 400.992779984426
137.095 70.5525494475905
22.235 234.886802175575
409.745 636.897985636779
177.66 653.850021742042
57.58 81.2605457362312
26.45 16.9762990103227
161 38.0412078220314
0 21.4708632352353
138.8 -90.0343333871976
152.56 -105.362188686943
434.285 385.638962889436
618.425 319.081894301564
684.15 442.526432973195
1900.55 1687.68082302067
0 197.462463122024
67.715 -178.265218982537
0 -0.104224429668946
1927.68 1315.32619759709
67.725 24.6447534165378
1091.52 879.927858225058
297.415 330.271525295945
1496.75 1183.63851384017
97.985 389.785409274894
715.965 647.730387159787
387.56 610.483246901339
2382.66 1516.88327404838
42.47 -136.459978927355
275.105 808.939793597153
0 -93.4156575335779
0 -63.0892640593804
124.745 134.272098970915
266.925 241.547085803031
468.855 489.431815883688
578.11 565.208844981647
371.55 332.576931106366
234.41 390.000618810041
0 -41.6294213854962
0 61.2910628102151
608.93 510.806284788983
1036.83 490.667753642084
71.5 -72.4400050250065
0 1.01931315501912
134.13 61.2261216624791
0 1.72038141728211
117.72 132.052207415435
418.22 517.203952071041
108.025 218.937976554477
163.945 358.168595295187
781.38 804.240043621668
395.515 431.67005056193
569.825 617.759395872265
250.675 280.076842866252
1168.95 984.752151884697
128.295 59.2999341080932
222.87 701.566162763299
284.03 244.814102846052
21.14 43.1187245238342
178.72 251.615669725898
0 -64.8706296351572
36.23 116.216994329716
996.085 1063.3554003865
203.36 241.418291240075
147.925 197.383355853222
1326.42 878.643247620487
320.645 442.523358549286
53.16 160.392929768064
207.555 233.400724981871
329.33 345.336941929168
598.545 320.972279022098
156.36 189.515347265772
427.645 337.107448927049
310.275 298.078872400733
0 15.5988361168837
240.695 298.244161789702
744.86 911.902572253907
242.725 245.716425406647
430.25 369.441062272766
251.75 421.934534673023
125.325 -83.7643203567534
1549.02 1482.23080371868
1369.2 1003.42259718748
555.535 959.375941709921
42.385 15.2534392878198
493.665 444.009364075558
454.805 905.272638282113
1974.29 1124.05211749661
234.585 381.977673751185
606.965 1201.54123766296
501.49 923.989299547056
257.565 266.190837011695
254.165 678.457794900903
89.5 380.419904176707
556.765 678.291921782728
98.245 673.471415680833
367.855 246.041966823651
803.82 852.312748695742
796.245 612.031714422443
375.355 504.859656461869
1333.69 1329.0549932387
310.53 704.271360948735
318.46 215.542575514187
398.505 297.15223873798
379.06 356.032296760034
735.025 667.87247883692
56.74 260.128867013083
1036.24 1347.40745756597
27.11 5.17002274668672
447.545 461.423874135077
0 -10.2295293194264
884.265 813.973496567316
489.355 220.227864964365
927.145 543.137369164656
636.91 531.510455093941
714.1 929.55624602745
91.07 61.5681858325198
1065.75 929.467217413336
242.01 190.758385007188
493.78 410.778599638669
209.97 16.0728227497632
311.825 502.78870138488
196.95 179.69356450973
177.65 236.721646640693
416.86 451.01058030785
275.105 335.160763749131
842.815 891.295564981264
876.83 878.313956454812
623.475 769.248057440904
541.35 722.994678670519
177.995 298.368257572467
413.84 291.944815120072
935.91 935.365422392915
719.64 867.403398561735
535.84 469.075659619361
368.33 624.403919518339
508.43 618.555313941229
500.77 466.057314219882
0 -19.9584917571851
59.455 77.7126757478872
397.605 599.076660531783
533.46 822.151988183746
0 -45.6217690850924
694.605 822.639661483545
0 44.3124662058406
803.51 903.741605006044
957.51 822.242233001514
0 -64.9955833815965
254.6 636.145695320814
371.195 205.947512851037
0 -51.3451246790902
361.1 475.126470363435
346.88 397.44133022142
176.005 569.311013361992
660.04 807.605481689699
944.675 870.422216298939
341.635 511.463655925297
426.02 649.534202250397
782.56 823.182515702883
242.46 314.258898152867
87.875 382.783743319687
1216.47 1061.33167078578
798.045 935.627026455211
652.4 460.050980833622
159.28 558.323963852743
540.105 535.055012869756
692.88 510.16444998765
411.66 399.308258139968
789.36 834.106640632623
943.285 838.109013845371
825.78 714.049125603305
1024.97 690.065770561316
0 -118.304344220506
0 -39.9251571410452
0 -105.270781110326
0 58.7107744362712
1659.37 1169.48524204362
0 147.820852046952
186.66 251.961532158678
447.865 511.501413240117
464.39 431.271452470035
104.56 95.0843816860162
730.315 679.964095584569
199.59 304.165018910407
0 103.822792528792
306.425 454.790260529213
20.805 119.283187647921
186.135 370.006807379315
1831.09 1435.42345415172
435.52 551.088112874833
0 -133.40953255162
0 334.244963443932
0 -92.2925299563037
0 -181.374003925802
803.935 737.972235100226
190.625 -47.8551578955746
121.755 71.4124505205846
0 421.226705170219
44.75 43.5397288424169
218.485 368.812221345454
0 202.945360138988
438.725 548.42255588095
0 198.250226258321
697.585 481.075102941495
240.74 102.377850365538
356.73 89.8001975482098
120.16 77.1433454007627
2917.91 1731.63805000956
169.35 555.721592773509
274.36 105.605282898133
327.665 710.183425293637
0 187.601680786516
1019.92 1124.00182752208
408.68 638.95895829159
87.695 -63.6187454432678
1331.13 1426.75494602259
1490.13 1068.1984714664
228.945 473.455437397496
177.76 1005.01163852132
643.08 668.860807118334
29.715 53.3322298033362
12.085 23.9567567073692
299.095 421.748059080134
0 107.117265004709
16.11 -11.5556745819172
0 226.934109222894
445.855 768.809655093972
140.895 225.052986786262
350.135 356.539998862266
522.72 333.465181330069
948.615 716.906181425248
0 177.565030504508
0 215.400591325442
2023.16 1400.04437091356
0 100.844295799523
953.17 636.592518703073
0 52.8860601832271
0 262.984411576021
0 -64.321405924149
119.1 294.291980304234
4.215 189.254273449071
2022.22 1626.7004312741
0 -207.806304363058
329.16 570.921938456705
0 -92.8219603381226
571.92 520.567239572066
79.27 89.9489992305958
1065.76 852.995633830334
1838.78 74.2381440554377
115.13 332.007199480261
743.77 670.717563241849
589.64 674.874176862912
20.205 274.465885359775
31.235 160.753837047218
0 394.108765685755
94.72 320.747373500658
0 50.5806492824593
105.035 86.0341705354678
636.425 518.599449508082
85.875 643.105379727994
0 582.279525408876
1362.96 538.173266170095
1349.4 958.695332566916
909.335 842.892111983897
0 -187.895692521579
518.535 607.572460641662
177.185 200.289978511873
919.92 973.919178198198
0 4.83918660575188
1063.68 977.38315026127
40.805 382.019257116389
968.105 1113.55072274542
0 116.703525284006
660.505 768.072474652578
0 -35.8172511357674
301.635 444.364801321099
0 -80.125903871453
1468.87 1018.62607842435
10.37 78.1675281647236
689.685 678.470523304186
119.865 164.627450003439
174.4 254.22181203669
425.695 659.849361731802
479.645 763.573776922326
365.645 312.324081447568
330.025 536.386610152827
583.45 535.942176323513
141.435 458.127034363658
118.035 317.526340231245
0 -32.474732819408
321.36 -70.0299523969825
309.615 270.409280343256
593.145 171.009593663084
221.87 -110.236091508874
407.405 197.220562855499
513.16 317.901944240455
825.425 681.641428518092
1000.6 674.57460842886
