V1 V2
213.205 274.165242758171
998.39 1542.05465795592
241.75 520.702584002286
77.925 -228.627656649015
856.085 1408.30101705175
249.31 98.6991476351099
743.505 844.654613417826
1989.21 1344.70038420354
1018.99 1120.13410507988
196.62 52.0500597453482
544.62 812.591460903861
477.29 367.815076158029
180.13 312.85905501353
734.82 983.356666643584
694.455 567.272035508102
368.97 615.318148562637
530.75 1063.54935627663
620.9 918.115666685534
315.54 490.786258505374
753.345 1330.89313329478
461.23 700.311904105078
8.275 -61.6118870091809
1215.42 1428.87862885775
254.77 169.786350621056
356.205 159.170269302256
851.485 783.258553962157
238.93 4.18173220344647
307.48 515.210877620743
1541.3 1299.3701931263
483.3 936.157803058428
809.25 377.823513513491
213.55 691.1831041064
200.26 404.168088821813
684.53 884.523194125214
252.59 384.552119399347
168.155 635.720868855195
462.435 1163.12735126084
56.315 215.960305609816
885.625 1240.98543104335
59.85 45.6820304186781
1130.01 1339.09259518876
598.26 767.422338836419
1235.85 1433.44229389699
1052.78 940.273988099933
503.535 780.829861554359
333.605 192.303984999049
203.38 742.829221595748
566.26 740.89538926168
508.405 1143.44590708389
87.315 459.325408004508
432.48 574.349212876072
38.795 321.317558398197
541.2 284.718182645144
71.385 4.85448968361766
796.45 838.874715087771
966.075 869.922183679304
603.18 221.835300552251
0 30.8775665451109
281.915 741.538242969439
489.44 406.813395458823
494.275 364.734042416285
62.215 24.0489094224578
146.675 240.041208598393
752.96 952.144255822008
638.855 1091.32180915118
137.47 25.6073794539315
252.53 -55.5433804568313
355.09 292.650430304988
309.715 88.0679012022443
75.075 -84.4667711841333
0 156.185672088281
615.37 669.537802638084
372.745 537.817102722183
103.025 124.676446427101
32.61 29.0998181883796
649.83 1097.10881915076
0 3.21115526568123
0 -117.767982359508
899.13 923.812575436793
1150.96 884.811142764531
40.535 -71.6237223869892
311.4 151.764432791023
418.02 268.918360964994
119.38 241.569147771566
157.775 -75.219523227672
0 -96.1602789835463
1073 630.2150340264
620.135 740.398460716199
66.67 112.062443668733
0 65.5784511275858
1019.61 1121.39995949765
583.205 1139.02020767883
153.5 275.718259848016
824.41 1678.79272953977
803.375 483.309606340096
490.84 594.023398335733
75.13 456.409137731735
412.01 1040.22248809573
668.9 778.960900921086
400.365 1090.36438674836
548.415 683.684127075684
595.265 1276.74263314816
145.905 243.671567975805
217.145 639.943792172547
60.295 294.233238379327
1238.28 1608.43437547038
384.925 182.608127981666
1571.27 1576.80982348453
0 393.726539576659
178.365 186.459111608713
285.96 244.764384493275
296.675 337.451061580272
1004.73 1047.97046930675
901.745 1058.85069630614
292.795 508.656667996751
208.605 678.880512570839
97.205 -146.048493750494
22.075 69.2668968094011
424.885 110.488596390463
124.985 119.463311837153
408.375 584.274326373374
304.985 362.44561716931
299.575 398.882715726934
257.085 399.937297347807
356.28 260.595294809722
1325.51 1428.72632405929
346.54 524.172097430686
155.89 263.376300417588
1745.36 1444.65438166654
183.345 522.260578011732
93.075 140.585567800589
105.175 1062.77299824588
135.04 374.029302928807
0 -286.721248325176
1625.23 1254.80609075358
52.36 14.5323451480508
174.99 174.341892681537
1796.53 1530.92469497224
212.73 343.437779704633
94.245 113.895568356676
746.125 1165.11166775969
243.82 314.747460979925
262.465 536.831286483818
1628.78 1271.76156459609
541.655 777.408227576085
310.355 268.48573724588
2317.37 1381.24997477725
355.28 562.009007516636
394.86 416.031721806539
0 74.5623591484005
105.18 522.790342942087
52.795 292.849929064412
555.75 829.446677771625
211.455 308.81365672053
744.23 467.063219402918
495.69 372.934358275958
870.99 774.071201777618
185.38 23.8298746205826
480.325 851.270663567456
0 343.012516235785
1212.02 1111.63438976984
279.255 410.0596565122
1975.7 1316.18998833084
214.54 207.830188012623
273.74 1073.45025046152
0 25.669083805776
507.34 919.761021403978
157.835 379.527230149563
1217.64 1346.47947535608
130.51 -113.531962791264
900.335 1059.51069694237
153.71 73.9656200719288
1121.85 1150.09361667997
197.735 438.17073079684
0 359.125945556245
61.145 350.029032601124
181.605 416.686143478754
184.035 239.839819438702
11.265 15.1328514441386
198.265 387.104214903609
205.905 -103.496484696414
0 -139.385665490471
0 89.6163612527298
232.41 443.005449592849
5.73 -333.472338436842
0 -186.025433313468
0 8.15545668729419
62.455 382.809504992462
224.325 500.43904794462
12.71 87.1588757183512
147.55 56.9727458372169
496.455 711.220898485429
216.695 144.976981306783
49.79 75.6375481840258
271.44 472.142697200112
60.14 -81.2454717892709
0 -203.558927180367
85.13 -108.326971054131
6.115 -216.156671231725
354.89 485.423371077139
0 -165.37410466103
0 -180.483387654581
42.61 325.006079143306
275.645 392.374355697279
137.095 96.4521540861444
22.235 264.108697034863
409.745 696.21929892677
177.66 758.525458516809
57.58 67.1920505093662
26.45 317.335364828071
161 -95.5857380155821
0 17.9101485793022
138.8 -120.746649245622
152.56 -108.922249590816
434.285 513.736477161335
618.425 631.464509183611
684.15 404.998790968883
1900.55 1846.10040127877
0 -19.8186491245863
67.715 -140.406692767989
0 103.638944581431
1927.68 1422.72711995452
67.725 145.657319639102
1091.52 1170.79502957439
297.415 260.540667679903
1496.75 1540.7073422462
97.985 329.094746925019
715.965 568.187325693149
387.56 658.469464569008
2382.66 1554.73064704621
42.47 -205.761573525873
275.105 1080.60756876408
0 -172.103483622926
0 -186.657963218476
124.745 -65.2498555343484
266.925 -37.2164856409
468.855 413.708263748183
578.11 582.068535800078
371.55 604.344143702261
234.41 737.255701718011
0 -54.9779678026999
0 73.969594320499
608.93 528.137852346792
1036.83 567.470378821883
71.5 -112.771178144544
0 -127.653248890142
134.13 96.4298258769527
0 115.794036602936
117.72 -102.006856707844
418.22 669.038996283675
108.025 361.998380406251
163.945 -39.570036429274
781.38 970.311346084187
395.515 273.08010919132
569.825 713.848369621649
250.675 294.270640666159
1168.95 1036.85705408324
128.295 306.013548892573
222.87 813.566436478589
284.03 534.672483159224
21.14 -378.978381393535
178.72 742.187737144638
0 -92.2511121550473
36.23 -129.614683743269
996.085 1483.80350937463
203.36 103.82322970388
147.925 49.79325105143
1326.42 924.225941277469
320.645 637.307676496227
53.16 80.0034324802666
207.555 340.421175337594
329.33 445.442030105659
598.545 216.251529004427
156.36 402.20220232647
427.645 373.035621350173
310.275 429.224053622406
0 9.78477997609542
240.695 158.534422506238
744.86 659.399802462737
242.725 221.769183103353
430.25 259.646921027547
251.75 561.393318369845
125.325 -107.971002396886
1549.02 1938.56245584624
1369.2 1272.27596526971
555.535 706.737691732133
42.385 25.5680300360161
493.665 461.099216051374
454.805 1284.74566786467
1974.29 1245.54274138206
234.585 449.753301155805
606.965 1397.33142525648
501.49 1212.17257150701
257.565 335.32017652201
254.165 838.484094313299
89.5 357.182621131854
556.765 747.535082042739
98.245 884.990745712367
367.855 203.155190725308
803.82 686.695363042411
796.245 852.760317508339
375.355 438.110786907742
1333.69 1242.5370444745
310.53 926.165324515568
318.46 350.656975936
398.505 527.073034380827
379.06 309.892894669178
735.025 911.18527863741
56.74 131.069535600692
1036.24 1701.89572534021
27.11 62.4373380954788
447.545 550.549682767314
0 -52.2813836980282
884.265 799.636723252976
489.355 510.658576136625
927.145 678.459258479351
636.91 428.311828904436
714.1 1183.81831559018
91.07 -4.16674563832592
1065.75 1093.80148019178
242.01 318.609629838265
493.78 448.181547675082
209.97 93.5549745391412
311.825 546.405095176952
196.95 236.445153579882
177.65 265.693560171643
416.86 481.112198287127
275.105 320.318080105058
842.815 799.904588192121
876.83 795.348988756652
623.475 700.652209466911
541.35 791.233983540119
177.995 348.853784635807
413.84 299.041342781983
935.91 1082.66156113183
719.64 890.764114639112
535.84 407.071898169734
368.33 517.858170322117
508.43 514.38108844055
500.77 614.994570459613
0 -186.595781927779
59.455 181.287867804097
397.605 609.900217554437
533.46 1054.87526865388
0 -175.362008137678
694.605 1083.49728472701
0 -27.1555803316627
803.51 1279.10012540891
957.51 1008.04508230217
0 -97.8282311407479
254.6 1003.8657847209
371.195 437.871936127302
0 -98.3797950833252
361.1 570.29110108948
346.88 772.68425540113
176.005 513.911294275066
660.04 964.983365900696
944.675 970.688226231591
341.635 430.97499123958
426.02 601.453023497244
782.56 1047.76840773355
242.46 60.2300888075027
87.875 115.85980542218
1216.47 1098.42802367396
798.045 1248.06649011913
652.4 459.09249294902
159.28 701.349256536442
540.105 719.788033394027
692.88 575.055425563229
411.66 376.516520700422
789.36 883.540970859068
943.285 915.355599778513
825.78 706.109170660702
1024.97 730.900431092575
0 -140.508864135798
0 -76.0247822288354
0 -185.832036572737
0 -429.290316250664
1659.37 1345.65111568553
0 -99.861482967859
186.66 207.126618625434
447.865 688.028631407026
464.39 449.998461980966
104.56 370.655857523821
730.315 820.166781809775
199.59 605.992041782281
0 -290.736862228536
306.425 701.795433760764
20.805 -48.0752532918748
186.135 264.727405600074
1831.09 1539.030123361
435.52 515.270433980543
0 -137.367280714991
0 477.480573971061
0 -50.5443077275533
0 -215.816436201989
803.935 957.572978879318
190.625 146.591678532481
121.755 6.70580094861839
0 461.943471295172
44.75 92.3588404311585
218.485 495.449668875558
0 385.756463082698
438.725 569.01439896874
0 191.082055097564
697.585 633.300555360635
240.74 -67.488289377377
356.73 95.2860744339355
120.16 133.445357961537
2917.91 1884.25424715711
169.35 903.509630196695
274.36 -81.8342108731584
327.665 840.300763726286
0 155.944059336668
1019.92 1324.84596623499
408.68 794.906021292123
87.695 27.5217421790761
1331.13 1770.19632531294
1490.13 1094.91586065323
228.945 459.111259728693
177.76 995.562579534369
643.08 612.662915077046
29.715 106.167905891268
12.085 158.891480485192
299.095 425.941719386383
0 -29.3847854127343
16.11 106.243004910992
0 170.779639668167
445.855 749.854969309578
140.895 266.929319201526
350.135 368.170291659593
522.72 522.010369897729
948.615 583.941290245546
0 158.763731546834
0 116.782760886862
2023.16 1555.06047352186
0 105.700919544077
953.17 625.902277517899
0 -73.5561289565544
0 174.324502006853
0 -267.45132364641
119.1 372.531242080685
4.215 238.806799964933
2022.22 1739.03349169788
0 -438.402238796737
329.16 450.74836966078
0 -232.126528532479
571.92 466.193097432256
79.27 204.919456917382
1065.76 849.031397984617
1838.78 126.100063522878
115.13 258.10189364192
743.77 678.487089561321
589.64 780.030734429843
20.205 171.605085237851
31.235 299.082814489179
0 360.070695470683
94.72 448.465272820176
0 14.0941755575662
105.035 39.4623650141477
636.425 488.999088789225
85.875 613.019566569544
0 524.684651686028
1362.96 477.836879430651
1349.4 831.170126831347
909.335 943.304594510767
0 -234.854500896433
518.535 966.64752332185
177.185 106.814311050932
919.92 1260.5206573472
0 -70.4522532219246
1063.68 996.152302707908
40.805 464.466487751846
968.105 1242.44025022791
0 -93.4931297387126
660.505 1119.31586580359
0 -412.452678140946
301.635 855.343902803247
0 -180.515933796667
1468.87 1123.58012321025
10.37 331.331530200047
689.685 853.470924028862
119.865 377.163951540341
174.4 412.882105299654
425.695 555.829467762075
479.645 640.370458946765
365.645 476.949155722249
330.025 482.017581856397
583.45 577.923762900362
141.435 393.944189823304
118.035 503.446126762945
0 9.24327006275973
321.36 -11.2220077186213
309.615 355.277661230153
593.145 210.82640930284
221.87 -123.244605563497
407.405 308.186579958347
513.16 419.251441708119
825.425 797.920422946527
1000.6 831.428020020494
