V1 V2
213.205 253.798365636621
998.39 1571.35293940801
241.75 455.793740867915
77.925 -253.840419394963
856.085 1544.52385041347
249.31 17.0553877540883
743.505 869.449895244119
1989.21 1372.32869178401
1018.99 1102.69722016193
196.62 7.66007017556336
544.62 963.707765948706
477.29 340.31302542463
180.13 331.776997439008
734.82 973.71541653991
694.455 525.317633653506
368.97 594.851028672307
530.75 1226.04892159051
620.9 889.094503427877
315.54 451.829107335475
753.345 1337.46827628731
461.23 712.033875585759
8.275 -101.375932870808
1215.42 1501.58073112209
254.77 130.145008308615
356.205 146.351596581515
851.485 731.148783265102
238.93 -31.023592809137
307.48 496.636453070645
1541.3 1427.23495447547
483.3 881.575208039574
809.25 283.711786563318
213.55 667.326052823262
200.26 401.999750702635
684.53 875.045993837453
252.59 456.117512138794
168.155 570.032608290491
462.435 1137.39005994029
56.315 233.632544598351
885.625 1292.2519020763
59.85 -29.5851156837313
1130.01 1322.92807253093
598.26 722.040133320752
1235.85 1520.23574248174
1052.78 826.739693972548
503.535 982.512364638493
333.605 193.873099406479
203.38 867.933569396284
566.26 691.449462401297
508.405 1229.80908202404
87.315 369.179329754796
432.48 580.352444224077
38.795 207.219176334319
541.2 342.605365626082
71.385 -44.9623566143542
796.45 738.789783566534
966.075 829.893023944372
603.18 183.028427607963
0 132.98251899734
281.915 708.544977423368
489.44 365.134700665491
494.275 417.571823792573
62.215 -3.43320038494969
146.675 241.27561348417
752.96 870.791250604762
638.855 1198.0272064507
137.47 78.1528050277659
252.53 67.6832620046165
355.09 291.988983141266
309.715 51.342128708689
75.075 -59.1106427815241
0 165.718548475031
615.37 616.455226851042
372.745 517.728776468649
103.025 138.200759142036
32.61 -4.53848311811271
649.83 1208.55421506602
0 -27.9792298123872
0 -111.626913990116
899.13 914.538398644861
1150.96 933.824338184075
40.535 57.2133504722561
311.4 108.508923668407
418.02 260.333468743045
119.38 238.242611411862
157.775 -12.8872845108503
0 -103.127061868929
1073 623.393053588776
620.135 644.026017208088
66.67 204.500488570422
0 -10.6083922264065
1019.61 1190.20802282473
583.205 1192.73652982791
153.5 324.122184668088
824.41 1664.56358299562
803.375 442.715948576754
490.84 624.764565294944
75.13 507.391197455846
412.01 1066.06505897348
668.9 742.884891093694
400.365 1226.08874071917
548.415 600.464885362125
595.265 1335.03180376429
145.905 171.106017305007
217.145 651.241479070924
60.295 348.17595117851
1238.28 1695.20094177764
384.925 172.830441897351
1571.27 1670.53714743696
0 334.951607722625
178.365 115.206321301282
285.96 237.112015640602
296.675 248.356093378897
1004.73 1084.94368542063
901.745 1059.37684397181
292.795 458.691705005059
208.605 589.702289345916
97.205 -182.120971712033
22.075 27.6024571636613
424.885 116.102502098954
124.985 27.9022568670098
408.375 473.819690047261
304.985 328.463600170588
299.575 472.772266723853
257.085 377.367615038493
356.28 251.402860630747
1325.51 1512.95821716486
346.54 524.055653431651
155.89 175.744434333944
1745.36 1448.69331793284
183.345 397.894695289461
93.075 240.805205849212
105.175 1119.13846412967
135.04 483.402677013498
0 -306.758765532434
1625.23 1396.05202729027
52.36 -25.5438747594986
174.99 158.496996109262
1796.53 1584.0589710439
212.73 352.354776754857
94.245 61.0608666485367
746.125 1239.73961900102
243.82 299.161130224893
262.465 550.671556688596
1628.78 1301.23876027386
541.655 803.837881702294
310.355 280.612590353355
2317.37 1451.65075958785
355.28 516.50985578097
394.86 500.221062450632
0 -49.3314692336966
105.18 580.506419678334
52.795 250.9644327665
555.75 781.540424792615
211.455 296.514041891606
744.23 394.125500298859
495.69 339.913333879583
870.99 663.694362698924
185.38 -15.1940995287646
480.325 908.127167964233
0 383.753748502297
1212.02 1103.4600547464
279.255 392.404766851163
1975.7 1365.43428694785
214.54 260.840235701075
273.74 1134.52353105718
0 76.3973512222849
507.34 923.605147389841
157.835 401.944609006353
1217.64 1421.17548240818
130.51 -198.626389228512
900.335 1159.48570251287
153.71 37.4770101372461
1121.85 1104.52732041463
197.735 460.315536067949
0 362.206249645855
61.145 408.524989169741
181.605 493.089603856985
184.035 224.391505960592
11.265 41.80973497148
198.265 440.443610555297
205.905 -148.639026394144
0 -95.6329741932312
0 59.6883761127234
232.41 463.092533431761
5.73 -338.291466778465
0 -227.85496723373
0 17.2446700924241
62.455 314.938262271485
224.325 489.534278403353
12.71 143.683320385554
147.55 142.75104937529
496.455 700.736160843313
216.695 140.602531475841
49.79 99.0665247143133
271.44 455.461283956329
60.14 -89.2717206910807
0 -251.828949988609
85.13 -188.104664678071
6.115 -211.511055956614
354.89 498.548581280591
0 -128.586566815323
0 -157.937619925814
42.61 343.366871119887
275.645 421.604493305225
137.095 60.1914702886176
22.235 220.12545129742
409.745 742.091479151804
177.66 821.633497918354
57.58 105.440574355748
26.45 204.592085557426
161 -133.784073159027
0 -77.7119372854885
138.8 -126.664794214576
152.56 -147.743495193966
434.285 531.164772533098
618.425 619.793431835706
684.15 406.709369482206
1900.55 1989.50227659767
0 2.63114879166838
67.715 -123.973965550143
0 226.85088589905
1927.68 1613.81105447085
67.725 124.20844379065
1091.52 1217.53000379792
297.415 236.026801913305
1496.75 1617.04868654775
97.985 292.66473965387
715.965 645.929326256288
387.56 685.152272132013
2382.66 1626.72790463024
42.47 -205.050309831145
275.105 1224.53416674964
0 -172.407533354002
0 -255.739198983288
124.745 11.2564062638768
266.925 -74.148607101199
468.855 387.879737706346
578.11 536.542453451846
371.55 571.305733975086
234.41 686.26120144816
0 22.3828604344659
0 113.962533440264
608.93 522.690602635045
1036.83 572.467255631223
71.5 20.5253729374016
0 -11.4383624505632
134.13 116.843912207321
0 74.3200168965658
117.72 -108.187201194303
418.22 634.703674483081
108.025 325.219660212869
163.945 -29.1723842314506
781.38 1078.81188420917
395.515 212.314481330049
569.825 724.377720958382
250.675 336.810685361207
1168.95 1063.64629947323
128.295 267.605043768063
222.87 858.223618647883
284.03 520.203752795662
21.14 -392.959339644977
178.72 866.916055769219
0 -125.29564522571
36.23 -109.692967987225
996.085 1560.20125812487
203.36 118.168361717747
147.925 105.430305373649
1326.42 954.935922703538
320.645 469.66069984357
53.16 125.065105424116
207.555 303.298925633534
329.33 426.488104277727
598.545 339.062264278333
156.36 392.396461570812
427.645 318.916386816678
310.275 314.248640496676
0 -93.1955027842494
240.695 166.998358813712
744.86 659.271220287922
242.725 152.899361214771
430.25 122.247757792311
251.75 523.107632317827
125.325 -127.225808966454
1549.02 1970.25599740136
1369.2 1399.15922365359
555.535 610.571217687648
42.385 43.4382532385418
493.665 382.237725368202
454.805 1365.59341030473
1974.29 1234.26697315781
234.585 369.241156371758
606.965 1451.79214795827
501.49 1281.51064818482
257.565 342.860225185783
254.165 937.030452222071
89.5 230.52862822979
556.765 809.29898823911
98.245 901.077175507766
367.855 133.820718194539
803.82 651.909152166366
796.245 822.606399451935
375.355 420.676854980021
1333.69 1365.2831612815
310.53 881.198339576501
318.46 301.992910320642
398.505 422.682754241795
379.06 245.303047524019
735.025 941.772782988622
56.74 167.803821506088
1036.24 1764.08066974376
27.11 -39.0908464298245
447.545 511.568349233373
0 -48.5368715179344
884.265 779.582413616125
489.355 523.034193943658
927.145 755.604888130975
636.91 452.869146526061
714.1 1255.20538073177
91.07 -111.042874203655
1065.75 1031.03724304746
242.01 297.908027510154
493.78 318.339585451597
209.97 127.151732521907
311.825 622.172635157349
196.95 199.542493842894
177.65 239.477415727319
416.86 510.536921574119
275.105 301.483986882855
842.815 778.418017328092
876.83 912.746078973751
623.475 739.536184850398
541.35 802.165328354855
177.995 255.404726284027
413.84 294.740862416164
935.91 1136.69276779057
719.64 898.691428546749
535.84 376.065585548839
368.33 498.492348605481
508.43 626.147389677779
500.77 604.462520088734
0 -214.478560893334
59.455 102.513709845305
397.605 695.058529939509
533.46 1245.59086692635
0 -99.8978667360777
694.605 1133.29716582965
0 -54.6813098449913
803.51 1338.72391681193
957.51 1097.91683057888
0 -102.02994755924
254.6 1102.44341091993
371.195 414.756938971142
0 46.3450076873843
361.1 610.61142634125
346.88 801.356927256109
176.005 541.470058023517
660.04 909.79595161762
944.675 987.949478518141
341.635 509.206496290823
426.02 551.644547640616
782.56 1067.43723695393
242.46 61.5775350826934
87.875 37.6220408857348
1216.47 1144.18268603763
798.045 1186.91165776063
652.4 353.91549401737
159.28 650.724621786724
540.105 634.499445921013
692.88 560.469638468689
411.66 347.611486600174
789.36 796.58422371229
943.285 959.932919141934
825.78 722.184348180941
1024.97 828.866995658085
0 -141.418544897807
0 3.71737956689109
0 -145.491274354642
0 -400.381394302249
1659.37 1382.30420823271
0 -75.7962102156471
186.66 207.083706839061
447.865 759.350953899183
464.39 389.257224182698
104.56 405.038578895826
730.315 883.118461171009
199.59 529.379501219591
0 -222.296825948205
306.425 788.260273248752
20.805 -26.1003911833006
186.135 213.867093017985
1831.09 1566.68924409549
435.52 477.898368977329
0 -135.211505386872
0 514.268030980557
0 -47.7091051262785
0 -227.714739302287
803.935 1063.01846832558
190.625 70.6339534876923
121.755 -8.7292996508445
0 393.818646872461
44.75 16.4702168542589
218.485 411.957006478751
0 306.99596589718
438.725 587.728436048191
0 202.820214760251
697.585 581.467614651754
240.74 -146.426060064217
356.73 101.603616434664
120.16 240.326433673339
2917.91 2062.36564596146
169.35 1024.98684853157
274.36 -41.6231093170043
327.665 861.414144299305
0 96.6172151635449
1019.92 1446.94587907061
408.68 778.688553070758
87.695 48.1288558758153
1331.13 1800.9783949364
1490.13 1170.69091792519
228.945 436.148127191364
177.76 1155.72751371163
643.08 568.338812144541
29.715 118.181184224197
12.085 57.9386814914184
299.095 388.395544339902
0 -19.7950551368751
16.11 70.8101190339804
0 179.867923362604
445.855 797.750075070672
140.895 337.793152697603
350.135 386.650924578554
522.72 452.605348478238
948.615 552.314616535545
0 113.567787489395
0 101.652827093369
2023.16 1672.41959859468
0 99.5358858223232
953.17 601.183019679846
0 -8.08412615098472
0 116.030532147616
0 -210.309292115829
119.1 433.499184618781
4.215 240.291592007259
2022.22 1807.00616232788
0 -430.342790393626
329.16 427.835917435822
0 -46.4092784172789
571.92 418.270048913044
79.27 191.997224408249
1065.76 912.76975716856
1838.78 77.4509182683156
115.13 319.62692218074
743.77 611.705096795013
589.64 687.13318557349
20.205 155.753372653961
31.235 255.524971733611
0 419.617379291431
94.72 507.383403440416
0 10.1304809737905
105.035 26.0385346702379
636.425 447.187956715398
85.875 530.12775031998
0 471.94118130558
1362.96 436.5838343851
1349.4 928.521804816087
909.335 984.547301708866
0 -234.324695576671
518.535 1084.00704238975
177.185 89.9060913868413
919.92 1259.56340380495
0 -66.491476771522
1063.68 919.103565092905
40.805 471.634012049903
968.105 1263.92408481823
0 -71.7957760128263
660.505 1259.96690323229
0 -422.462281821349
301.635 911.193054962404
0 -179.759691755943
1468.87 1223.59544370395
10.37 289.53892350912
689.685 909.063601368227
119.865 368.306439944786
174.4 392.777619154376
425.695 480.437218835783
479.645 636.896107632513
365.645 430.712524970957
330.025 526.161246142878
583.45 524.512366342952
141.435 465.176590019252
118.035 568.01107955282
0 -47.1705664301861
321.36 -25.9732861098882
309.615 362.436881019997
593.145 210.217669966102
221.87 -174.334887901405
407.405 314.050317301937
513.16 307.803824100267
825.425 855.641665187973
1000.6 763.971554494552
