V1 V2
213.205 342.57330684317
998.39 1192.76015828337
241.75 525.35879185468
77.925 -31.1165120709285
856.085 1077.02989503056
249.31 212.197419855515
743.505 670.955311742155
1989.21 926.268665920829
1018.99 977.630965804521
196.62 57.3169993751677
544.62 663.36384059841
477.29 266.604778273707
180.13 356.216698560893
734.82 791.8401680195
694.455 511.446297266361
368.97 291.741919516698
530.75 690.708396895763
620.9 776.458069581817
315.54 475.895330110868
753.345 1101.55566439484
461.23 624.331783746982
8.275 -68.8136363525341
1215.42 1067.69055820367
254.77 224.560757769169
356.205 229.78546259451
851.485 891.812346796862
238.93 151.721137087483
307.48 436.609979917703
1541.3 1187.51120004291
483.3 729.887337832189
809.25 339.530794724212
213.55 668.980402326731
200.26 275.604526727329
684.53 485.547642053003
252.59 16.8121795841205
168.155 274.837867955478
462.435 789.737288548743
56.315 79.7003811951808
885.625 1128.63394136033
59.85 67.6021130455425
1130.01 871.476490224381
598.26 642.592868272248
1235.85 1527.17596827036
1052.78 883.415687940134
503.535 679.062198152037
333.605 247.676353613241
203.38 496.089514895214
566.26 433.547627296434
508.405 836.888124550132
87.315 132.934011283651
432.48 222.511183015531
38.795 163.714610979929
541.2 390.260152124707
71.385 57.4446715998814
796.45 683.542879399439
966.075 876.523334638819
603.18 276.522912324393
0 228.44890322118
281.915 460.984100162846
489.44 197.442622300892
494.275 621.289061394876
62.215 85.7463274705423
146.675 272.665934269925
752.96 950.162022270479
638.855 851.842011548277
137.47 -1.75316383555246
252.53 -97.7384118739969
355.09 192.323678952202
309.715 181.808884465015
75.075 -36.7368699354013
0 48.036978756871
615.37 610.071982309587
372.745 333.685038607551
103.025 187.316061179511
32.61 35.5158407840652
649.83 847.979435774117
0 123.415976104253
0 -17.808151599417
899.13 910.165442524853
1150.96 888.036718394036
40.535 10.5147532838779
311.4 133.237065347704
418.02 317.883811664978
119.38 206.960965106098
157.775 -34.5305792014997
0 -26.4830313346435
1073 622.919487099378
620.135 708.300904225103
66.67 222.760956814035
0 157.667109118228
1019.61 932.010826735005
583.205 867.768357909529
153.5 280.370093504642
824.41 1334.65594451051
803.375 509.79075846014
490.84 623.747945521331
75.13 447.285676671286
412.01 820.875588693133
668.9 306.207020738806
400.365 721.63998563639
548.415 563.019585486422
595.265 1051.44416624327
145.905 271.524363672478
217.145 489.87130430333
60.295 130.912357135573
1238.28 1336.70553746036
384.925 105.494652976151
1571.27 1398.97351778139
0 245.08702977872
178.365 81.7760130599637
285.96 370.996330046241
296.675 489.329723330958
1004.73 1083.29378014471
901.745 1127.06990989991
292.795 359.054290615429
208.605 415.951667158759
97.205 -151.82319703752
22.075 -5.73709790836926
424.885 220.946352272066
124.985 353.858844362363
408.375 414.460167973145
304.985 380.247224421575
299.575 436.668540062978
257.085 341.323130054893
356.28 427.282854009146
1325.51 1490.36977798934
346.54 728.734201294662
155.89 238.097371385153
1745.36 1446.68924645456
183.345 451.264061551632
93.075 233.554284320638
105.175 639.381098111564
135.04 382.786663027144
0 -235.879528867599
1625.23 1135.0316862815
52.36 -15.5870117918499
174.99 110.714592768715
1796.53 1384.43584759829
212.73 324.551839736203
94.245 25.8409654012443
746.125 882.793952438512
243.82 119.550623368795
262.465 487.910174259242
1628.78 1061.00963350466
541.655 618.274023113808
310.355 193.403372197544
2317.37 1367.88838870224
355.28 449.76071221334
394.86 490.182620359386
0 148.798615262511
105.18 508.915234299475
52.795 11.7654526514488
555.75 721.006214545843
211.455 287.196500518147
744.23 468.411453555254
495.69 370.291036620679
870.99 734.190313981569
185.38 65.8080662130964
480.325 301.026036298439
0 306.438566412376
1212.02 878.853622059736
279.255 149.86836321534
1975.7 1235.62642437973
214.54 211.182421011359
273.74 1007.80612504948
0 6.13730262703073
507.34 576.256194662905
157.835 278.863817597513
1217.64 1109.17356148033
130.51 -20.8037425993512
900.335 885.679412531218
153.71 35.0225698151429
1121.85 922.686760321793
197.735 193.443473487155
0 268.925794780052
61.145 214.462511550996
181.605 499.463799343978
184.035 228.34029299058
11.265 65.882033911797
198.265 254.381776145067
205.905 70.861322828169
0 104.879895235424
0 39.7361119091524
232.41 233.585986411287
5.73 269.710681579404
0 -177.312658089499
0 -166.396676959192
62.455 304.006893539586
224.325 442.045759626015
12.71 152.782155322011
147.55 3.80680890205546
496.455 482.640687449656
216.695 417.585928455003
49.79 109.356605208059
271.44 544.765901436541
60.14 -9.36812191434003
0 46.9273155630007
85.13 -132.130596481568
6.115 -182.973233447098
354.89 253.647267182601
0 -187.334264273257
0 -110.458929980496
42.61 272.374152239557
275.645 400.719851833424
137.095 72.9589337914106
22.235 228.395218890289
409.745 642.778192417375
177.66 721.077318487894
57.58 74.4199736046439
26.45 13.7300345863849
161 38.9575122305534
0 21.4708632352353
138.8 -112.003896038823
152.56 -101.666680894753
434.285 378.745704243921
618.425 319.936040768846
684.15 441.731633538228
1900.55 1681.24280718427
0 198.72406555759
67.715 -231.955151666919
0 2.182035784665
1927.68 1304.20863578545
67.725 22.6739594525041
1091.52 879.135501033636
297.415 331.548332410175
1496.75 1186.73147728481
97.985 395.869469941646
715.965 642.43506183372
387.56 606.245208303145
2382.66 1520.17714592987
42.47 -148.459983260841
275.105 800.367619543361
0 -77.8355710216185
0 -66.7570177012632
124.745 139.383271218569
266.925 243.389292685684
468.855 482.712215195658
578.11 512.266201628977
371.55 380.031487785241
234.41 398.868637841699
0 -48.0093236779544
0 41.0815788707487
608.93 510.806284788983
1036.83 500.273646700808
71.5 -52.0164090792582
0 -15.985733918727
134.13 63.0936466032992
0 -3.80355846207248
117.72 141.345302570245
418.22 497.074597015204
108.025 215.773100383518
163.945 345.52539282506
781.38 800.529045945893
395.515 424.832794419776
569.825 616.583559007424
250.675 298.237489101966
1168.95 983.781193233374
128.295 50.9881473969028
222.87 701.610434545569
284.03 247.033652994058
21.14 48.7762653874205
178.72 245.479437831591
0 -61.9564729976435
36.23 115.1110696588
996.085 1067.7405112733
203.36 251.877257963924
147.925 202.107049855003
1326.42 856.681425745549
320.645 425.297983461745
53.16 147.268224284617
207.555 232.195910606506
329.33 336.715322270145
598.545 319.926112437024
156.36 155.827235966112
427.645 336.394598329184
310.275 301.045525499146
0 5.51595414257922
240.695 293.829251115095
744.86 939.670676544643
242.725 249.837483121121
430.25 360.524969570493
251.75 421.934534673023
125.325 -42.3184761011447
1549.02 1484.84598933661
1369.2 992.895098422863
555.535 963.642479126365
42.385 4.5957203192615
493.665 442.24013706215
454.805 902.445647893261
1974.29 1132.15782326356
234.585 193.330652288579
606.965 1059.0669807921
501.49 936.705244013282
257.565 269.379680107802
254.165 675.721291088335
89.5 381.673830229933
556.765 704.82276137664
98.245 676.767063180588
367.855 235.939812067336
803.82 852.312748695742
796.245 618.515488379653
375.355 507.919519370488
1333.69 1318.94827778806
310.53 706.824505224134
318.46 218.132393346913
398.505 325.796305992221
379.06 357.448587955582
735.025 676.379999454882
56.74 257.136856714691
1036.24 1357.11524260046
27.11 12.5443717993338
447.545 488.531025182092
0 22.7844870756996
884.265 813.059153175265
489.355 226.182451309861
927.145 593.800231205163
636.91 511.610689968754
714.1 941.80988728595
91.07 61.7008776990032
1065.75 922.695671293488
242.01 193.203404943142
493.78 411.995034379485
209.97 16.0786795080738
311.825 525.896021988588
196.95 176.793856335657
177.65 240.085064270867
416.86 446.878023584409
275.105 338.697166018462
842.815 892.206110833169
876.83 880.485900343138
623.475 724.281951789797
541.35 707.02194326529
177.995 291.287050988812
413.84 283.339570287154
935.91 939.275002080324
719.64 867.403398561735
535.84 466.537321419845
368.33 618.019680966262
508.43 616.402499768992
500.77 466.305108975786
0 -17.4717536505373
59.455 92.8137313247726
397.605 597.963020518853
533.46 821.463937737486
0 -62.8703363694992
694.605 830.771518314447
0 43.6967040278333
803.51 905.909424157158
957.51 911.134508255899
0 -82.6703144872552
254.6 712.472996853955
371.195 205.671881502194
0 -2.64741071306604
361.1 457.620937665494
346.88 397.207502350788
176.005 561.905791656717
660.04 803.91236266081
944.675 873.45767689813
341.635 523.577122937748
426.02 646.665117240039
782.56 823.719147613573
242.46 315.310477028022
87.875 382.946093701739
1216.47 1055.4797105467
798.045 973.607082852049
652.4 463.109110729688
159.28 572.358141576348
540.105 530.070873049829
692.88 508.570132152409
411.66 393.776054326104
789.36 834.970788474832
943.285 837.443380943699
825.78 735.203046344484
1024.97 687.947962773098
0 -109.754057958641
0 -25.0649369474045
0 -111.535422436034
0 52.6538638454513
1659.37 1185.40403624028
0 145.388915893531
186.66 251.961532158678
447.865 510.077468611651
464.39 424.945712323085
104.56 94.7664038518374
730.315 664.916141384073
199.59 305.366060491986
0 104.503031437137
306.425 502.128168093187
20.805 119.642726108772
186.135 371.118832846033
1831.09 1443.15656276137
435.52 552.055122641626
0 -142.347267575058
0 323.71792805737
0 -93.6784693397648
0 -174.916403386972
803.935 737.972235100226
190.625 -47.7697994051445
121.755 70.3377548069261
0 416.852037858976
44.75 40.1292774104895
218.485 368.812221345454
0 194.983638104488
438.725 547.97016348203
0 197.430014088227
697.585 485.202183841446
240.74 96.8624919108547
356.73 86.6351689085622
120.16 86.0835349613107
2917.91 1776.26409147786
169.35 559.115107527394
274.36 108.792094606692
327.665 704.384341999568
0 205.297813246465
1019.92 1125.2383081351
408.68 638.95895829159
87.695 -63.3554240508361
1331.13 1425.38994837701
1490.13 1052.0889290037
228.945 483.627798109565
177.76 1005.49012220666
643.08 668.860807118334
29.715 45.081126272344
12.085 19.8502984104648
299.095 421.748059080134
0 99.395901125098
16.11 -13.6111680065527
0 206.391992594667
445.855 765.472635488187
140.895 225.40282078181
350.135 352.659964458554
522.72 333.553265861087
948.615 716.906181425248
0 81.8234735532086
0 216.950261021994
2023.16 1399.6538972191
0 97.5294393388575
953.17 628.373183815218
0 58.6546808636167
0 256.333043144053
0 -65.1773124179743
119.1 267.689428202046
4.215 183.403260241803
2022.22 1637.0763163769
0 -211.293573326054
329.16 540.1095500753
0 -87.4068447063236
571.92 527.75081319524
79.27 93.3918458948628
1065.76 851.751287513593
1838.78 67.5607844136496
115.13 320.957994696105
743.77 665.646097082727
589.64 674.378919234884
20.205 249.644256580953
31.235 160.689107663783
0 384.250591994327
94.72 322.537120214372
0 73.2505961166444
105.035 82.1292172767089
636.425 519.290301257077
85.875 643.628023044938
0 584.956289421242
1362.96 492.348132464279
1349.4 972.636912053119
909.335 842.032404940989
0 -191.001218793488
518.535 614.983701859121
177.185 202.371259719836
919.92 992.131530233689
0 28.7636648256517
1063.68 936.967964647948
40.805 363.173023926646
968.105 1107.17295636689
0 117.740537863474
660.505 793.49722844612
0 -32.9709846627484
301.635 443.795304891165
0 -114.496839846749
1468.87 1055.78112695032
10.37 41.1811435853441
689.685 690.25051981124
119.865 175.21088759866
174.4 257.50042903375
425.695 657.173966593538
479.645 773.301394073868
365.645 308.504115707532
330.025 538.355650957711
583.45 536.788426082521
141.435 458.127034363658
118.035 314.581289280404
0 -20.8657721542148
321.36 -66.8540090523451
309.615 304.664826245148
593.145 172.583834407871
221.87 -118.694273882961
407.405 201.719930600068
513.16 317.901944240455
825.425 681.641428518092
1000.6 681.767208486378
