V1 V2
213.205 296.424197702392
998.39 1550.5121737932
241.75 510.712256490043
77.925 -210.426746504916
856.085 1489.94957894172
249.31 107.772785704065
743.505 859.787777172403
1989.21 1391.10544578068
1018.99 1157.37370625593
196.62 47.6598511080527
544.62 915.415842245722
477.29 314.015615436715
180.13 278.693394494658
734.82 1139.00730090803
694.455 569.43978320067
368.97 618.515501888216
530.75 1164.46517456777
620.9 952.909140264527
315.54 467.430901859266
753.345 1409.42978730555
461.23 743.410277059555
8.275 -103.363367446955
1215.42 1479.84609496982
254.77 224.293408334994
356.205 200.312119699223
851.485 734.429787358031
238.93 -36.3947732078236
307.48 429.582083130461
1541.3 1385.74074011709
483.3 975.1062239686
809.25 411.8840358091
213.55 736.01810498786
200.26 376.142378721237
684.53 995.064385360719
252.59 460.455430507273
168.155 753.882067655961
462.435 1195.71801567241
56.315 364.189400504545
885.625 1306.87348453309
59.85 87.8221200593597
1130.01 1308.87778350072
598.26 864.728295786958
1235.85 1423.73838647169
1052.78 914.133127814825
503.535 976.35594181679
333.605 299.517260893255
203.38 824.47466451086
566.26 878.843761303096
508.405 1228.68030312358
87.315 439.90721847285
432.48 623.352369433152
38.795 353.790749034012
541.2 388.859838875722
71.385 -6.53864967298802
796.45 795.041394498457
966.075 881.227310458783
603.18 176.148184692187
0 84.4840424837876
281.915 743.624666445618
489.44 450.569921036671
494.275 400.605993752242
62.215 4.48380179251501
146.675 245.68693353628
752.96 935.382468716714
638.855 1113.07069970081
137.47 31.3601584491256
252.53 33.8175102928154
355.09 300.499505332129
309.715 92.7165471330228
75.075 -68.9463901627935
0 182.634606141248
615.37 726.809281621846
372.745 590.441892173664
103.025 145.980970656072
32.61 60.5187686214861
649.83 1240.98158101949
0 -72.5313449769706
0 -123.180971285154
899.13 899.786886315521
1150.96 897.114367894087
40.535 64.1688281836123
311.4 211.25906622326
418.02 236.754798617229
119.38 247.267675508436
157.775 -51.8955693115449
0 -105.389161190732
1073 623.637420928438
620.135 731.610611650218
66.67 155.342978086677
0 83.9351761873201
1019.61 1220.64505907785
583.205 1239.12474384548
153.5 261.465771061513
824.41 1723.41316660034
803.375 540.583659945662
490.84 619.366576124755
75.13 456.690742475242
412.01 1120.46019964625
668.9 715.532197079609
400.365 1208.36919881271
548.415 603.338688130236
595.265 1311.06885605517
145.905 231.13422634298
217.145 639.151221946696
60.295 309.313756656445
1238.28 1693.38716140226
384.925 239.810312470281
1571.27 1590.73036420574
0 383.966659959072
178.365 209.96073181739
285.96 235.174984381475
296.675 292.440882211259
1004.73 1136.56217419993
901.745 1108.34006513806
292.795 606.645820516863
208.605 680.262755626776
97.205 -150.295760851777
22.075 59.4001212092244
424.885 62.2568546612534
124.985 135.603802816886
408.375 515.443572736837
304.985 402.198473440855
299.575 460.723658172648
257.085 479.34387223291
356.28 354.566538220979
1325.51 1413.57922581586
346.54 535.764160729763
155.89 209.518114238286
1745.36 1541.038202307
183.345 548.71177791522
93.075 169.822739901628
105.175 1082.07984229413
135.04 451.686974289685
0 -302.008639461923
1625.23 1311.23494874286
52.36 24.9229402749473
174.99 173.245955751583
1796.53 1461.01199233047
212.73 354.142014284414
94.245 52.5808910396773
746.125 1249.25513235706
243.82 345.800019743354
262.465 553.696691580117
1628.78 1276.7463359959
541.655 879.957965423669
310.355 325.124540381188
2317.37 1435.60072598035
355.28 693.674909308078
394.86 438.479079514177
0 36.6101814875139
105.18 589.560089156497
52.795 335.711315646215
555.75 881.272230252951
211.455 303.680826160041
744.23 458.788262196278
495.69 421.845279825951
870.99 793.146230037627
185.38 23.8854588601498
480.325 890.927986757707
0 414.317102912918
1212.02 1112.59267809059
279.255 409.325863801407
1975.7 1352.82291561563
214.54 219.140786215476
273.74 1119.90138063202
0 28.7312783339056
507.34 952.652605733104
157.835 364.798763651264
1217.64 1319.64990866371
130.51 -101.322863315288
900.335 1138.26684773241
153.71 -9.96989182392446
1121.85 1149.95161018085
197.735 524.768772200991
0 363.521955760771
61.145 448.244722093144
181.605 489.640401355978
184.035 240.891024118565
11.265 -12.1539349805746
198.265 313.602580161038
205.905 -151.051350475157
0 -140.908361852764
0 92.2137786655894
232.41 504.284680559051
5.73 -372.450825005433
0 -208.94528560429
0 10.5461056476339
62.455 423.831368219315
224.325 522.756265392336
12.71 149.178262176818
147.55 30.4844769154441
496.455 795.034148963152
216.695 76.1746688611338
49.79 168.557596133945
271.44 365.373520103466
60.14 -90.1841426004597
0 -247.781292546017
85.13 -144.180463460503
6.115 -215.857361197853
354.89 563.597494213997
0 -223.627593235782
0 -187.926404905268
42.61 351.891084386182
275.645 404.155478771015
137.095 80.6282426012452
22.235 294.170836322107
409.745 677.719980977794
177.66 860.276263292335
57.58 51.9898155173266
26.45 254.820556886685
161 -82.2964451720082
0 29.0799885327424
138.8 -96.0899848277879
152.56 -87.1605179497435
434.285 538.232099577977
618.425 693.432773831044
684.15 414.744391430556
1900.55 1830.23613432174
0 -8.78722645435755
67.715 -92.6296266696814
0 116.973579884721
1927.68 1504.46955567796
67.725 171.755563764422
1091.52 1216.86742389238
297.415 270.375338778687
1496.75 1603.7760114455
97.985 299.804060135771
715.965 549.143954474968
387.56 675.178661924563
2382.66 1657.53027914271
42.47 -202.09542918585
275.105 1110.36767131735
0 -173.024193669056
0 -196.335097860122
124.745 -145.265780403523
266.925 -26.0745541114526
468.855 392.457787916978
578.11 582.389696514027
371.55 601.758891152384
234.41 781.450139153534
0 -45.8423823110727
0 164.180549071603
608.93 489.021345825066
1036.83 489.974470214042
71.5 -156.428926544449
0 -179.96411293565
134.13 104.888433641707
0 128.472073579473
117.72 -114.974436699151
418.22 735.375899358528
108.025 427.80208805102
163.945 -66.9161981476099
781.38 1025.17000042072
395.515 188.914504253303
569.825 686.658563153928
250.675 344.262505526047
1168.95 1129.52910519755
128.295 297.908083852873
222.87 861.492429807886
284.03 530.757957673996
21.14 -342.413173017665
178.72 809.173558037241
0 -62.4816773285775
36.23 -150.340957058994
996.085 1534.43699100411
203.36 70.1263468815059
147.925 159.631029846634
1326.42 1043.89546856921
320.645 620.998517232402
53.16 94.5796739621748
207.555 337.236213017175
329.33 411.733336528566
598.545 322.444712932581
156.36 445.452400154805
427.645 415.522741258427
310.275 408.414925260592
0 -30.3955498238865
240.695 173.945282947064
744.86 747.477806792838
242.725 263.70119062107
430.25 272.068110103402
251.75 652.541248977953
125.325 -107.865776094508
1549.02 1953.54671673732
1369.2 1332.31324046494
555.535 712.303072475553
42.385 132.504728812049
493.665 445.697823947443
454.805 1314.26950332762
1974.29 1279.00236358442
234.585 426.44614938347
606.965 1528.2515787848
501.49 1243.8540071751
257.565 301.095805594266
254.165 910.20704865451
89.5 300.775400822304
556.765 826.259832644981
98.245 1027.04697310419
367.855 188.563921645432
803.82 644.353831189085
796.245 885.323472124829
375.355 425.077720651217
1333.69 1341.01690164593
310.53 936.97037505799
318.46 287.862950317897
398.505 542.847678633437
379.06 270.310291614788
735.025 990.376827299512
56.74 120.257131882523
1036.24 1793.46621166529
27.11 61.5872023526882
447.545 477.307543301684
0 -50.7094969804342
884.265 996.840456843686
489.355 566.874464604251
927.145 694.880953762096
636.91 439.098820829684
714.1 1198.82443141544
91.07 -51.5483011417154
1065.75 1107.85621301647
242.01 423.307061886612
493.78 426.982914357177
209.97 161.687137654786
311.825 572.177218154264
196.95 316.303255342036
177.65 282.724458967477
416.86 513.908127610471
275.105 246.402235931941
842.815 866.36925563591
876.83 886.81006749281
623.475 681.455300948916
541.35 824.150854576152
177.995 343.091113720171
413.84 289.81650746624
935.91 1152.62261532548
719.64 1005.49318321768
535.84 363.315060266739
368.33 583.309127758792
508.43 527.888930763103
500.77 629.530776807082
0 -204.626085092867
59.455 216.77622464749
397.605 611.113203903667
533.46 1184.73256444665
0 -267.093443429352
694.605 1015.67401769549
0 -53.2200091504484
803.51 1307.5588886899
957.51 1070.54206975423
0 -99.6631950934279
254.6 1103.00696819524
371.195 409.216817831497
0 35.1193475948534
361.1 627.015810718149
346.88 791.336120204672
176.005 556.933730147969
660.04 1051.42762443178
944.675 1033.78140253021
341.635 486.309535692302
426.02 631.843145212927
782.56 1095.7160749459
242.46 84.1526349065089
87.875 77.4947923017542
1216.47 1130.67284454614
798.045 1212.84886997712
652.4 501.915461331798
159.28 726.791702798484
540.105 628.668336974265
692.88 496.013726695225
411.66 301.710483968528
789.36 939.461874936986
943.285 968.296539043717
825.78 767.042763864338
1024.97 808.615883616624
0 -141.354552415316
0 71.0891595906487
0 -191.225796702299
0 -395.25097947817
1659.37 1422.13973070191
0 -104.82415614472
186.66 218.304377401902
447.865 740.944490295664
464.39 481.194158491805
104.56 412.361625367132
730.315 849.622047590207
199.59 682.202553475974
0 -261.056371489855
306.425 662.960415973491
20.805 34.3917338698046
186.135 264.71903123424
1831.09 1569.37967452152
435.52 512.870073500771
0 -134.898824349447
0 539.029308199566
0 -81.5969540470076
0 -234.056015082079
803.935 1057.611417995
190.625 110.414142254895
121.755 -0.0434863699986181
0 446.902964580696
44.75 81.6402162468172
218.485 480.811265849652
0 376.789653254946
438.725 622.174290180624
0 315.220074043641
697.585 655.054089074082
240.74 -37.6009750571628
356.73 211.090081117295
120.16 171.989424939648
2917.91 1926.90024359602
169.35 971.341288028312
274.36 -61.6361914186824
327.665 848.007005196918
0 133.292880076866
1019.92 1428.89645883517
408.68 820.560325005573
87.695 3.74443384404584
1331.13 1782.48896228543
1490.13 1102.84549157622
228.945 438.78804042257
177.76 1088.31657541969
643.08 657.46046898641
29.715 152.550879149509
12.085 204.994067872577
299.095 420.732655113253
0 -101.582845560444
16.11 145.854280032868
0 151.665099548143
445.855 756.667957757601
140.895 366.913646462711
350.135 397.191616979379
522.72 633.846953270297
948.615 555.453342177731
0 145.495204601488
0 60.467160349781
2023.16 1540.24751138128
0 118.373069357879
953.17 678.018732150772
0 14.425860045039
0 205.835106192794
0 -266.590726732271
119.1 369.411886787616
4.215 236.245118422143
2022.22 1721.18682392343
0 -426.876619779749
329.16 477.112226998842
0 -97.7912378189486
571.92 499.931243523543
79.27 240.326933014857
1065.76 935.982648204342
1838.78 199.565671080778
115.13 357.142880022319
743.77 613.874593962417
589.64 807.625290776478
20.205 127.543280547826
31.235 239.446652324021
0 389.771956886085
94.72 469.295061087529
0 14.9260133608125
105.035 43.819573607042
636.425 474.687205787012
85.875 608.594215164513
0 492.386377226915
1362.96 529.971512193811
1349.4 888.47745170097
909.335 1025.83896881743
0 -235.011143796471
518.535 1056.16241523621
177.185 33.461598500195
919.92 1346.37808340043
0 -63.2443371659205
1063.68 993.31946637336
40.805 549.900538402874
968.105 1280.89926670567
0 -142.522417366365
660.505 1185.05197528577
0 -407.526699914862
301.635 882.203784001807
0 -177.836527091398
1468.87 1119.78554221931
10.37 379.573489391955
689.685 987.833151751061
119.865 456.46691208169
174.4 455.319536174582
425.695 490.650839195148
479.645 682.142907867403
365.645 530.790506611335
330.025 559.378614713697
583.45 629.735578364198
141.435 393.907138332853
118.035 540.396713670252
0 81.8049242339848
321.36 55.3362529791636
309.615 313.045007775791
593.145 186.866945739746
221.87 -131.161006560103
407.405 349.25360708686
513.16 436.397341076796
825.425 826.840202943272
1000.6 865.843747290349
