V1 V2
531.265 169.174041679964
240.15 142.638479282891
704.16 630.388483250011
1061.6 463.117231550732
165.825 332.448768983246
958.935 489.253950748841
396.395 570.917392152006
317.925 288.571995885513
368.385 316.963929636766
350.82 109.885082269198
230.74 251.582076135656
294.68 131.723916765305
391.11 290.22206494999
75.4 136.813149524842
440.535 489.049457593049
242.36 331.273381087977
61.795 -5.44337485612442
229.615 381.037228708588
401.52 234.496133296623
291.57 253.996918918555
320.375 317.197979357949
701.225 372.737538469894
261.89 117.448428265496
237.23 261.712635703238
402.615 165.111242958284
339.635 168.495699494858
1454.85 693.174431717205
151.18 128.11707496255
454.79 373.299936368773
213.47 111.344171580269
166.305 63.3052354849292
687.39 581.74112567602
283.81 151.785045004167
133.025 88.7855734678993
127.745 134.504307207173
160.65 158.625212958355
248.77 178.482584049525
216.15 218.677580320875
1554.33 751.203355805805
259.22 244.699286540216
868.93 743.747007786967
371.835 195.032864840542
174.575 105.748483260208
415.18 264.153095098223
289.095 463.095719480544
151.745 107.862702450053
172.045 211.907405166073
162.485 129.723444204842
310.255 153.658868154754
238.475 204.79120073425
384.52 235.370119706271
381.165 305.857993630652
129.96 25.7929617930525
139.77 144.052193908203
691.295 579.337468744719
581.145 153.685798070211
133.335 102.669658096848
186.14 108.71001407746
191.75 114.049699091816
178.72 79.9966704038201
407.69 244.110664578812
620.38 388.398774840626
316.395 304.79081107146
409.835 215.454914421961
579.75 128.893639030684
338.415 297.771583606023
186.5 123.373386554639
203.41 125.040517220491
671.03 513.561875585028
246.62 215.73614512332
485.345 218.808130859781
597.125 368.08020104927
383.945 241.909686153018
318.96 364.021883742254
376.435 432.456273268646
376.235 225.706625014398
331.045 376.791940020998
975.08 637.749949397215
279.36 161.185702367697
231.645 448.14545342185
162.48 152.522195647947
362.435 208.932341373528
383.125 149.38114104443
86.54 64.2175359218367
342.335 167.690183521575
270.915 151.379530875641
286.04 339.393583307041
165.37 557.914967288581
489.705 262.694569725033
1018.58 466.367256973086
137.85 113.04286732148
111.265 20.0201215110819
295.935 152.450982634031
442.315 270.060246551841
231.315 56.1939187553013
450.845 485.579592994986
670.265 495.673974426043
199.48 81.2896394264533
424.305 231.600569158946
433.07 373.148200369639
280.125 233.345595035195
128.545 115.823302825743
212.285 -56.6196013099648
87.34 105.911103228137
102.93 171.253681313874
200.835 197.945604137459
69.81 -28.2558264817992
294.96 528.526274850667
776.05 430.2686578612
119.175 -9.68177488429208
331.2 73.4068625852243
420.545 357.073452747354
294.085 136.729532329921
501.405 162.905360655459
450.565 414.390169216801
296.445 313.502695265975
316.685 204.421763481581
735.345 675.444322000048
197.42 198.350078697352
133.475 99.3797607138637
223.265 218.682815313487
1796.31 844.455048577503
255.8 445.444755563361
243.605 476.367620673699
465.49 373.539178868047
264.905 121.286238212305
545.29 561.312342193299
908.755 411.202402665447
131.865 397.337370746051
1053.99 586.577511126916
400.74 331.826920367688
285.965 173.773140216738
362.035 232.783246951455
279.555 69.6977072089274
66.31 51.5898827620243
60.555 105.521468559702
180.38 146.950356875691
224.52 -40.4787023792769
290.695 324.915760267419
466.19 349.559467072644
75.73 183.784518346527
637.295 651.553093623718
319.39 442.666293720073
214.02 170.783424610004
272.025 152.24014709856
551.13 444.682915518784
191.575 148.606613987813
182.85 454.115892969707
312.86 140.542782332485
280.37 79.0181897457732
265.8 685.014959418792
111.24 50.0217166332744
520.565 506.103336873623
345.685 204.155331792957
159.74 57.1177672788852
484.515 525.587409741223
211.36 162.572332880531
94.495 150.36097847742
114.62 276.233078271732
236.44 142.278888675722
157.535 154.259943808336
143.62 123.065332785286
1273.59 880.98247429135
242.44 151.59021353285
354.655 430.643797691869
291.245 237.770822733713
40.685 45.6812556135124
241.505 275.223071994412
146.18 320.578146957856
103.29 21.4214419758456
93 164.800592154119
144.455 140.830356377816
167.7 89.0497058602699
136.565 100.845156755665
35.585 199.63555722873
517.685 384.504596205787
108.395 99.2384713670705
186.445 115.469004335946
331.845 377.743594947024
411.35 104.679623024153
82.01 37.306696954622
169.485 66.8475810441354
197.22 151.532572548189
199.73 73.6684527401293
303.05 281.145281842729
443.075 272.395598964201
73.685 321.974886929724
82.125 111.786258462701
156.44 87.747125205389
2559.99 1041.56441975939
205.68 125.770099091332
388.475 232.632451128492
381.495 364.301821826722
185.145 219.64291788702
300.53 404.90234311924
563.555 438.738571967031
290.94 212.292972339643
297.09 444.92528539202
719 575.092584939326
189.25 271.965852518473
264.05 342.649036673038
300.285 251.877206553747
281.49 246.223962603205
253.615 298.455423309899
10.66 71.1469092930015
170.675 75.8147793518266
132.68 10.2413756542778
868.045 304.885253906876
46.025 125.886323189308
968.305 834.61576565356
164.53 352.612905655801
174.69 660.536544212988
1182.62 337.835005423088
240.42 192.813049645336
34.195 -2.96730876680948
199.355 557.137447475462
210.435 282.8667556766
289.27 294.101925989197
239.245 177.034388044727
401.22 431.40032810517
389.27 268.217269104942
138.56 -77.1269260573209
126.62 139.538419210944
154.775 159.495415972268
75.435 80.431868182258
175.41 5.62962125445364
314.915 239.707646648132
176.905 -14.014204460248
252.335 283.731190813764
251.725 242.984822958906
115.625 63.2871245861044
190.25 531.375231927488
340.675 655.095168519782
70.185 125.049913601291
214.54 106.543601690697
215.77 461.519896977474
152.375 231.671636189708
185.205 310.156886334162
309.355 111.536374137497
156.09 230.128552924692
218.24 127.254752089566
496.73 559.018602607583
264.675 300.206630878278
149.07 135.107094067351
223.215 66.4298104198809
3114.24 805.23536086487
234.875 233.459174209077
134.375 382.447706502429
349.885 109.66642195605
388.055 424.296645094951
296.46 197.451063452296
951.02 685.903291325843
114.715 73.5062480262756
77.39 1131.30456121866
158.92 217.551114045779
93.83 117.63720939826
260.945 266.221398027717
194.21 301.134040685928
183.86 91.026405382737
189.605 120.159401907698
201.225 128.82419764161
356.27 223.406264560428
208.835 192.450653724428
1634.78 827.152773478595
68.105 307.245292997878
1997.17 1109.60750751591
223.8 384.511252102955
135.87 218.24621758671
618.565 515.069454166327
458.31 692.884319560442
214.51 555.179157066955
169.945 218.728452363792
174.705 14.1282600471362
138.18 149.435399609068
369.24 281.894881327682
242.64 301.529660167374
194.805 163.979758345355
210.555 202.143727647355
115.5 122.589447205982
797.13 526.064308806294
269.505 124.315091111729
263.585 265.526307302814
188.165 240.619440356352
59.64 69.6084199908091
48.815 78.0038863983518
205.795 344.73038015045
226.325 101.93531535867
101.075 115.351425499322
44.595 371.469774146574
50.835 59.3867976907654
569.715 583.891021542898
158.835 107.267726262823
59.615 50.0489223528859
336.18 421.075531011025
153.885 114.536365842629
118.24 221.335320609635
128.605 202.935554468401
118.51 52.0892311278605
534.75 441.831562428553
277.635 177.226321767414
69.32 93.4684967522621
91.685 154.886674954994
192.535 382.365300138941
291.78 332.072531985108
124.255 173.888436461591
161.95 179.979097547453
114.5 47.7352763612225
112.535 38.9996759426797
84.165 114.369910608752
113.495 178.516000786398
168.985 272.43759022448
216.375 234.658290962026
254.675 240.337501057023
317.135 508.941190586535
76.245 -18.9092145460826
132.175 230.999181036516
40.07 964.790386519264
104.31 26.6374422569597
279.12 463.278310635581
142.09 198.269716842936
182.09 334.487589018927
173.025 457.886457327997
155.025 200.475859422381
138.145 197.900399326915
197.335 186.365700008848
181.795 263.17793983369
80.95 68.5038977961331
70.355 187.654828464703
311.065 966.612079566371
79.96 87.3182653621299
218.875 172.01560420087
105.745 119.046186358952
104.935 155.824168968709
164.075 378.905383945101
613.28 533.866784053133
76 222.450291765429
136.38 127.859909788183
276.83 155.004482722125
230.3 451.851740338699
110.36 118.89212472288
57.615 110.904271982127
179.1 39.7035498738971
66.275 83.7166624197853
39.105 46.7333000598172
104.46 111.68895382564
30.095 40.1971842853747
234.51 328.261252472794
110.94 336.545033840633
104.56 151.705434714117
110.31 565.519946580214
995.715 789.264994419212
225.685 137.734773527831
298.31 613.640458928263
37.82 99.707591227904
212.505 274.352738794049
32.39 145.019107495818
98.98 194.647168591016
0 423.875843912028
101.175 87.8245579013049
108.845 125.217720723362
45.6 152.849857631003
34.705 54.664180246598
109.14 33.760218771239
36.25 52.9778977648955
26.755 -39.8618584512842
151.19 401.919732101743
791.135 415.27278697478
184.14 326.855806492414
123 206.948157268788
113.865 429.397634024655
79.355 98.1323499445084
65.21 282.949369190644
69.84 240.824866506798
105.155 171.530089521436
193.875 221.73636101406
168.805 232.743178043017
97.665 236.358503543217
327 705.211341110332
16.005 -1.42533838922176
900.665 898.309531495347
53.505 301.357886772086
34.555 60.1434505167701
172.41 577.852660291883
70.43 401.50621583318
64.935 180.18465876234
67.315 30.0411390184108
99.405 117.690788153041
135.29 345.979328135733
88.52 133.627400185839
729.235 861.52659788451
30.19 316.839521381262
2100 1207.75840847643
100.21 248.51736226429
73.68 124.367905962818
90.8 247.65388564823
367.07 470.857313557811
76.78 440.814031766687
54.67 180.422588622295
69.24 -41.9135223060633
79.03 166.363569534317
90.345 248.751714827864
93.24 379.103094967882
76.805 216.861627950026
83.08 207.952271524917
53.625 97.9186795161986
119.085 382.980362502859
253.665 114.361442772411
21.235 -31.2412522666565
90.11 192.804835833692
34.36 64.6599381784328
48.98 106.318197961825
70.32 204.831660094778
6.725 224.861937282562
74.76 193.188628789549
54.875 95.0653539739803
49.48 147.510186535804
29.53 55.6230648293924
145.58 472.475352799091
95.115 100.086950084881
38.73 112.901570865177
241.065 532.806327692708
74.75 99.5277523708442
55.87 229.783871667308
84.41 142.637215964051
50.34 228.514332702653
96.375 294.081008310853
84.915 68.9786964545221
48.355 103.130882638713
74.625 145.822959157468
190.68 379.43581801365
275.035 383.212996882454
76.26 194.758376610681
25.325 37.1234597009299
74.855 55.8875396843886
32.92 116.363453887367
49.41 60.1332322687548
42.255 329.602770037797
72.335 144.898110997609
81.315 438.243774514356
335.565 637.210530034641
30.295 31.3362946270999
58.275 361.863452314852
76.725 417.863976886342
56.33 107.876744367427
71.54 169.33392814467
20.445 94.932135848265
84.52 227.216954167882
164.585 248.006295838885
26.825 22.5143458683121
54.42 16.712803326918
75.55 200.490520711832
155.855 670.652509592975
30.09 1.193968448537
8.9 24.7947407843643
82.38 915.501936623855
48.04 11.3195438182161
123.885 383.276770684225
55.99 319.517538096374
46.12 74.4912931020295
201.36 481.56351159378
75.555 164.989814851627
25.58 79.37347932324
15.45 52.8490659567497
67.78 366.013911547644
134.02 522.392454358187
116.235 202.904562504923
1.1 -41.2706329329594
10.765 26.693713991048
7.435 6.0422736938315
774.29 752.187873765317
560.05 833.849094954331
8.685 143.447242076824
51.67 160.711245622754
49.455 412.068307581552
24.64 134.117318067536
51.315 605.526017594812
745.395 847.611206976266
133.645 704.59548945468
12.59 138.518084139987
55.355 296.281927859973
8.77 235.614939413691
63.34 180.669332637069
52.02 139.797891680189
20.275 104.622125151195
10.33 -4.7278169247838
16.085 -1.67873263677328
10.205 14.5422730923707
32.565 487.327730696032
396.51 754.75654251961
193.955 588.665380176344
17.925 237.780865065421
53.395 486.497368539283
698.35 465.512664009159
59.315 205.435995401768
43.46 -32.9162599086585
39.67 214.129937116876
62.24 409.996991337043
60.135 227.105440002161
11.635 97.5969952206072
20.985 45.7265605035799
