V1 V2
892.43 515.058866820257
438.855 267.277634370482
776.755 948.184031189765
1005.96 648.774383668816
175.275 377.406630568418
969.3 805.610413483885
569.185 737.8406752949
333.63 473.344765486305
301.825 562.455577301733
552.645 451.094964107922
462.02 463.79567790906
503.325 392.064618521978
624.88 511.016043169904
53.09 309.840773711232
747.41 785.676755425293
432.715 455.817421514938
143.34 -104.986521932745
481.5 620.558235726676
810.72 534.690274890561
547.395 599.714077457235
500.13 450.372318716864
830.645 546.744413438226
367.64 339.320868111511
462.595 445.054502470543
949.14 587.248360491308
817.7 668.559041095011
1156.57 987.850619105464
219.95 166.716683032803
498.795 514.89659063642
284.125 265.116741643966
205.695 115.001582111875
820.095 889.665354291972
390.25 365.044510186818
21.275 145.431130621622
185.315 176.042303746974
219.925 312.39448624717
431.785 243.138709285691
306.005 356.82160361503
1205.69 806.632556037754
404.765 384.654833996535
1042.17 961.781048194376
672.17 499.816102316557
500.64 279.140492748358
704.53 641.350282162864
705.115 877.209105021486
267.895 202.721689497796
272.31 273.380959815819
211.345 312.868568562151
476.585 260.501017840365
305.45 288.007559913725
447.03 358.132116712717
577.26 547.331600910159
237.29 172.444390763105
365.84 434.794172642426
800.255 769.027618819342
801.385 481.052143867062
383.475 375.931133733294
392.52 354.289001570402
613.855 345.115539415385
548.635 399.694647959264
285.76 344.216861321854
622.72 557.481646041806
421.08 468.518065823509
558.895 346.641472219332
661.13 426.219424031787
450.375 443.552729105582
206.915 186.287507266509
175.045 214.915059038064
884.595 939.922157595259
170.475 495.817628043997
522.32 485.443428660222
645.48 531.799474526584
418.33 358.474406681919
432.745 535.105405913147
529.155 612.710687830695
448.78 290.929689990641
541.91 494.930271363277
1121.77 892.20634350421
438.37 364.312438282871
212.15 578.156187321708
345.01 283.866760009557
523.515 522.276069151353
497.975 428.182646824075
131.81 56.2631962211476
400.3 296.61938524976
414.59 194.442260691254
610.27 706.373661478458
544.225 827.171182768353
515.06 365.654398292602
980.87 654.954726961885
391.315 413.843702982842
250.065 222.083888438038
339.265 269.203419566283
421.33 456.094116595514
288.63 203.981979125318
367.87 550.123482777707
649.74 692.577113267345
266.755 73.7047673492042
538.315 568.3521837264
535.72 564.499016515264
270.01 397.604476494678
0 308.158488241977
167.53 57.6993320185505
55.915 244.824296338984
47.255 124.883330736131
229.785 282.277381199639
0 -19.4752877070061
374.78 634.85725246487
716.605 754.659886401707
169.67 177.050115087077
367.18 274.621294726637
614.905 491.332140010775
446.315 232.819444188159
554.43 315.754097393605
516.59 538.733648367694
431.92 408.396092778161
529.2 570.597613505401
1264.42 1019.30192421424
328.89 356.617794403811
410.295 407.073405200896
570.22 441.373611154259
1356.58 1103.80880699723
710.075 785.535459862265
815.205 1041.12614452234
502.9 623.635943176725
468.025 265.294121847214
892.005 872.608879122324
1074.49 669.792591040353
256.21 455.521855575487
1412.98 863.415690115578
605.19 647.961253442868
490.445 457.702267416146
605.405 554.76829651471
208.845 210.688255127727
104.24 99.2391097012784
0 195.516975266429
253.52 224.799668244493
403.525 -71.2745142857722
497.865 422.514015703381
981.58 584.863891678533
232.635 346.926178238477
1050.46 987.687203445026
616.675 620.07514356735
523.705 390.19576866379
598.975 393.248912805839
912.69 588.166009361632
384.9 316.396919576473
498.095 569.70121162431
895.42 664.757657350779
631.11 533.592359223798
242.16 687.145479689573
106.845 89.7958834066901
598.61 665.685979188906
520.72 322.044479755738
238.86 94.8940588636967
885.54 820.925286134901
504.555 307.521710326595
236.17 163.176911927752
232.1 276.808559780963
388.81 360.060091871579
295.26 290.441733325155
260.635 294.261995196423
1214.53 945.237300421223
509.175 413.135451412859
718.23 828.557264834693
593.265 575.464988145983
83.325 75.8941280981061
379.07 442.41713962523
397.43 456.111338859754
183.83 169.565500856242
217.85 202.397448138635
415.12 325.631721463016
362.325 181.828546919433
351.875 227.056258935969
171.79 328.406946828682
978.36 575.888358584419
330.925 251.88585258798
610.005 413.281672223165
966.895 658.041426271329
617.775 246.874440217537
315.89 257.576464223421
436.22 301.051751153054
745.315 409.736136825955
487.925 386.501603685172
532.435 414.581694122234
735.3 494.915431598088
141.24 271.778634663603
122.485 55.9570631772391
248.39 216.737636938057
3289.23 1349.33100968717
578.19 343.636903306653
668.595 390.010346903209
802.29 820.26977835971
413.77 348.889285582943
425.07 526.247886580977
479.64 616.876874777009
444.085 252.995067992112
494.88 540.531017478936
884.565 657.667441999174
290.5 372.523097414482
552.53 532.785001465666
741.29 582.209247472697
709.505 525.594490276453
564.75 504.10924183617
44.985 -14.4910690532148
491.475 107.147105844676
199.815 136.600822162131
1455.89 504.550411644377
58.82 36.9459322614369
1417.97 1141.15431043363
613.74 701.237902475616
568.03 950.839627634409
1031.24 400.567331411394
710.75 455.927092161637
188.48 183.957171098776
441.085 990.355500724701
353.985 370.249487857371
465.36 479.544445326954
360.895 248.47972549234
546.18 712.047756624374
733.585 628.850774489281
368.065 139.647504360425
287.765 198.898912676231
185.425 225.229374958077
157.825 97.5139728820269
432.015 199.920148295625
478.69 495.673440934256
410.515 198.767120861052
399.56 448.356467042915
556.43 375.169290377503
185.28 159.74149552864
310.195 399.860666203162
605.485 761.446953890496
157.23 106.62813441842
530.815 372.290749500078
597.72 568.957662521091
449.56 331.790710144281
685.715 672.376494541388
723.685 426.966410797077
579.14 506.432513620334
832.62 555.851506551322
832.04 691.377509311348
591.805 492.348879328225
307.67 372.485150538479
821.765 412.254666559165
2030.43 1128.296791167
756.505 668.616083431076
404.465 615.444024087228
619.41 510.816518596145
745.04 732.969795719943
623.49 487.651742291474
1421.19 1078.35913086736
409.205 343.140741703
242.975 1562.17014873432
381.7 384.838286264704
170.24 223.553557336502
306.74 534.94599521092
381.3 438.372794629714
360.96 265.656362243607
363.75 247.763638379868
594.05 504.926057425758
817.365 563.916722955078
709.275 513.439992070082
2069.29 1021.17740904231
243.8 409.099665294832
2488.96 1385.61621221247
746.385 744.230593154891
461.63 476.660340112418
1264.63 881.063959044413
1202.68 997.320913043371
797.945 810.285532363952
799.21 436.049455567008
787.595 198.53528337663
528.915 402.129957326915
617.225 569.498094779736
320.79 436.875590996347
500.425 259.66182101094
432.76 320.02874975995
200.095 220.205904265363
1064.14 763.434450221475
592.165 394.957605048161
503.2 628.322271566771
379.755 586.070679337837
66.355 58.0707765479737
15 110.721910129786
340.605 528.883573007727
413.39 261.428949919123
331.02 253.06392168534
114.415 427.461544700338
86.46 105.812805159989
924.295 838.696628648878
579.16 449.390510356664
143.69 168.22223370528
680.025 699.115848512956
490.16 285.641713381288
278.695 322.446412563876
269.63 318.4227035086
313.675 241.676312357256
780.73 577.902044339011
583.705 447.41328861913
142.75 255.886363867888
340.04 298.343241976134
408.49 561.240859149095
371.005 494.508674701412
436.02 445.311645147467
779.41 644.828019287164
462.755 342.246484670229
283.625 226.851214907081
143.07 204.576279070507
277.46 349.923667694328
385.405 491.509862747111
388.775 375.638895613427
588.045 452.118876299119
594.305 787.406896180256
182.88 68.8157578408661
166.505 300.875734152682
172.445 1205.5588982698
288.025 270.532077909136
403.865 618.393529743476
357.525 421.613193442951
285.305 513.839065983025
398.975 711.360817673444
441.44 405.974909977355
389.41 405.433341900308
497.935 513.29339720785
358.65 399.646204673236
267.79 214.345809873675
106.92 311.865829457405
753.36 1267.92603519079
253.1 236.357433962349
476.135 399.893377776272
315.47 327.078171578308
386.74 372.575507101949
383.37 552.377674180855
573.105 691.681081452177
592.235 578.855579847458
391.66 341.081268533858
312.335 236.747495724972
554.665 660.147061317948
461.935 363.944141370142
131.55 258.531956690459
325.565 206.925074541157
133.34 158.573804049024
0 126.988918208169
207.675 224.001838718524
16.77 -10.4861595129958
527.815 638.585180912993
345.21 741.136619090197
150.44 385.623306451142
313.86 735.823646635689
1103.46 988.980383259671
146.19 224.453938586523
574.79 785.394294664201
29.995 123.353555715435
330.115 333.693393550056
0 165.847789876456
249.605 289.876299543326
608.79 574.449665006259
231.535 255.200072673505
278.245 219.328287775968
85.76 236.358625343146
68.34 89.4107376202965
182.185 109.597903112336
66.425 49.5099419070932
14.175 -4.35909138744535
447.205 690.242123076117
1049.23 604.45492397694
587.15 632.049758844117
162.495 251.860242205057
367.51 628.839094861499
303.7 231.181033062496
619.13 652.090888051663
333.22 634.346486359737
634.63 576.600519289018
765.08 624.330750583204
580.715 642.941555265175
451.94 537.80735979973
565.06 875.949364051897
17.115 11.4606076806965
891.31 1149.43332802499
268.15 500.27216694977
104.865 159.09546169342
469.965 847.050902975394
102.04 502.353535789673
172.31 269.970884981227
126.32 190.901989145132
442.735 466.334181583374
472.45 665.809326511034
447.845 414.608853219495
1345.45 1056.44050675762
118.77 398.524216128517
2781.97 1422.34025945216
496.85 754.097148710084
375.6 511.324376483395
455.11 770.838564947552
609.11 606.294512621117
228.655 508.709593439812
137.765 275.438807821813
610.43 263.380163077117
658.815 622.316404472209
365.28 422.244703559695
405.875 498.769728349816
257.88 342.07795489364
212.565 349.326340432815
254.275 252.061530854293
454.895 707.122935089875
635.135 442.768467308088
37.15 -40.5511148630381
218.265 360.9929889657
154.395 127.463049735353
231.38 290.711165761376
231.55 372.4513152034
60.805 253.239137444124
232.015 366.318804072624
224.3 278.61722180448
227.675 330.579458186007
26.53 160.674128191629
376.06 716.794344055055
384.325 318.988570766909
117.955 197.535801287911
521.13 825.344605120538
367.705 326.479845994188
295.545 406.017875671609
420.29 349.778347855903
232.875 374.950882575401
404.475 537.407157824029
185.465 170.944034888435
215.65 446.1235318626
278.785 300.644899729723
247.415 530.624957072711
387.17 549.233078933391
437.635 592.898398188688
261.895 268.510913715554
356.46 392.409631246983
94.16 192.042868453486
140.99 216.926566713384
121.21 346.944282820997
134.505 214.280337180626
289.89 608.044161437277
598.845 878.83046518731
124.855 145.997801505081
125.43 387.444536502118
337.38 807.261265240717
316.85 316.229433964925
82.28 466.317703756965
57.285 150.205734448212
324.235 500.151823752216
559.82 666.480597347132
83.76 48.3354440893303
0 34.3559237721034
157.79 307.179239431551
452.03 943.512223660445
128.695 172.72273607919
1.055 161.422434397386
271.075 1103.81608331818
102.76 205.269002731139
410.975 540.672762258135
236.515 456.042994617905
233.95 136.23265795173
265.215 660.890958083547
391.625 501.469606016869
77.815 309.411195275861
49.49 90.6422786746973
190.105 565.768768212147
613.71 638.73099341735
184.5 499.568721097316
13.775 -6.86952807733591
0.105 16.0818109359039
0 -78.4289423170239
1060.79 980.392399326937
981.81 1142.70351824701
89.465 443.383545271003
160.075 455.572911929476
143.965 768.617877405372
129.095 381.541177654331
258.74 842.724052766209
956.745 1070.89643524723
298.715 934.724510603048
5.245 215.853981254604
149.455 371.164177187863
8.62 218.570391033689
122.71 308.368931023898
150.045 480.212905304453
84.295 193.83764630325
0 61.3320619450148
0 -82.3325667917268
8.82 -8.57858541061042
158.36 791.013842420584
802.545 1056.77171592474
638.17 848.853712299043
128.345 505.596910172731
351.84 715.897977099349
1431.96 668.655931997707
369.88 665.657880359083
114.49 111.479571409778
35.7 272.950495999097
169.945 704.541696843093
203.74 591.558477236566
68.52 381.808736274173
33.19 246.520240302271
