V1 V2
324.14 393.142440005932
793.38 1198.97114144944
538.9 463.031358065268
201.735 165.290246003099
908.995 937.30315647067
300.215 464.171362291869
734.885 733.289920262741
2190.06 1132.19783815847
976.53 894.743377183636
547.625 274.288495859463
811.735 751.559673712327
586.63 528.12592728442
567.655 687.732906368182
1035.15 923.042509032271
937.545 644.798204029153
514.295 451.539711956729
575.295 838.311845616866
879.8 856.174560311593
457.475 524.285696335759
1019.43 1057.21592073833
598.93 515.195344339348
303.925 189.329978294551
337.99 1004.11959675391
454.14 464.391005638508
611.19 338.313429543492
1401.52 1005.69761396143
650.03 351.333380771395
1076.72 859.228577542811
1495.16 1002.65660647061
750.45 823.456145984481
944.62 500.04726263821
821.64 907.464501551435
784.665 450.246079719806
1194.96 887.387791779561
556.545 422.076197541433
330.09 587.009637988815
617.475 830.842266315075
194.88 236.827733806612
1118.61 1083.16476996939
332.6 416.356407248561
1461.39 1001.55149529032
730.075 805.058273679199
1291.67 1606.1091433991
1073.27 945.673279532347
499.445 803.655760702668
473.595 452.868242032822
611.425 744.793918604377
690.73 783.088182848358
662.52 834.265616900252
364.925 284.505945471592
497.575 569.07036920474
417.425 223.410540661313
642.18 352.167450226625
578.845 325.014181739086
1150.38 761.829832971458
1323.1 925.036788372168
655.07 484.636810713948
514.42 482.897765263061
1014.76 781.439444814817
698.865 243.441432560842
762.29 798.045393759548
292.3 349.105510565768
568.8 631.165490281802
961.195 1100.0008981955
1131.91 791.47505658302
289.815 195.467769354282
309.655 165.419874517899
509.625 298.022638102821
476.275 385.597127674988
241.52 196.987264539093
273.46 199.105236179084
750.495 730.291439491305
496.67 654.824456724508
493.115 557.530697975521
393.46 239.495129415257
942.3 994.493617636407
353.71 352.354152137282
285.94 367.955025026082
1046.18 1102.64911621355
1381.74 1084.3246035225
239.38 253.567297865215
514.41 310.358294447698
640.41 262.22127145197
632.34 346.924123260286
293.19 122.815378718009
269.04 101.691139242881
1117.96 711.181935869398
1113.7 725.233107460111
549.03 558.363953989969
487.775 436.001899529082
1124.21 1024.39622241839
1131.04 1121.10083360881
371.775 266.26626199282
1186.18 1090.76612302903
561.855 815.480682892263
716.53 864.992906010097
526.015 605.45758806245
869.715 891.70831323031
452.26 566.547994077917
434.185 883.123839524978
799.205 763.66116636554
687.39 1081.14428416442
381.02 469.666822719644
655.31 624.474716847754
272.25 337.311051084614
503.145 1214.90739538002
592.025 404.92148762443
1427.5 1379.45329240852
366.105 571.727268300989
492.895 675.829323085963
758.065 647.833968500052
904.745 707.073982989423
1354.45 1159.54455174402
1373.18 1288.99343666378
362.555 397.529526952327
547.865 562.36227774141
200.815 137.581806516979
333.555 178.52570766347
568.89 510.729143374122
685.325 501.152145099649
855.895 795.448729706123
869.565 942.802851605858
643.22 629.148853637799
721.8 785.764300122608
634.19 390.399357845681
1191.36 1390.32998875075
536.095 443.367911439765
467.33 359.964751699582
1431.29 1173.52215539165
425.995 527.265780580092
209.275 213.3305092328
80.235 827.84232130273
527.955 289.79332242889
169.58 -4.78607253908788
1154.75 1069.84112448606
322.955 209.998985857488
437.485 267.014743005584
1651.25 1276.59999206067
577.48 369.651031196504
199.265 246.06298778047
956.675 859.732154635573
547.73 252.487899263921
596.185 388.912129861804
1354.54 1087.58595484291
691.06 436.686014461743
581.11 369.911223947558
1464.08 1126.47096808242
707.97 543.90313545607
619.365 472.697418403552
132.805 384.149701936126
570.355 378.34678312496
357.675 453.846581968889
463.7 604.948663883028
554.535 316.864853366814
862.56 556.148820138061
626.37 351.520057943129
1181.73 662.061511768955
125.14 347.220898189172
666.845 497.692725912076
28.61 501.264711083949
1369.97 879.312745808178
371.21 212.673673363319
1824.16 1211.16590752802
526.425 413.452384817216
405.72 969.400559098475
252.14 154.656553049459
647.445 719.311964955164
534.4 332.78162991566
1194.29 1045.92015864604
440.2 173.579947865387
1131.9 949.597126399303
381.785 209.977996242033
654.565 946.807074039616
451.22 264.185605157187
296.52 444.962458544632
311.635 198.581981244626
655.76 336.724116208627
438.24 430.714293729805
338.935 203.263860420991
434.075 275.736457502774
316.39 169.030418706551
425.88 250.642948179894
181.16 249.678382375823
433.795 251.978504932083
162.71 104.867822343945
170.3 7.05370571555579
195.53 83.9966180851715
416.525 471.942560374194
608.24 483.501133383617
431.875 109.149925849942
416.59 156.066534527491
474.805 623.482067827326
711.35 299.658911039979
334.18 243.006740858454
757.1 539.17329138652
323.325 121.200879125167
177.835 -6.17919880772326
412.095 200.679679654936
343.57 76.7633866831018
479.485 362.83895459192
180.565 -19.1431511720728
81.23 93.859535167185
368.13 439.209782545129
551.565 510.407989158399
303.73 203.033650616481
493.67 318.027262133968
486.47 611.65487997332
505.79 659.185706563062
175.17 207.476323654895
219.875 157.868606299234
211.645 211.351941884959
213.94 65.9456258850625
381.305 183.534179942734
246.52 207.13416324121
509.35 378.47104942078
533.065 569.58756772079
616.015 513.942318761029
1511.45 1412.51859551325
115.21 210.475805773234
44.335 41.8437215390598
215.495 115.808605367939
1627.92 1198.17149243693
389.975 262.825871276821
1023.91 836.649085449896
578.195 355.304175806594
1326.89 1141.88216569356
501.395 410.087206286232
532.625 825.580776583645
592.46 578.449403767906
2260.75 1136.78740526419
247.155 -15.2275455739184
571.465 744.038265181635
102.93 -13.4838647299993
153.675 18.1494122724979
499.52 386.829666075116
515.65 488.5365279971
575.855 478.921105444911
576.24 697.027149368616
374.065 355.202022901464
448.325 584.366523688612
75.205 60.5583530772528
289.52 150.208180353339
718.6 611.473477853054
993.485 495.039653582075
194.72 245.629230333919
123.315 172.942882597298
295.31 182.76702700353
356.92 280.410025094438
401.115 144.150028012996
1047.91 930.861883947038
447.625 520.619275665063
282.41 488.782325723227
279.86 824.41875601621
521.98 640.638793558893
909.62 837.918251695952
277.265 525.018061407048
1366.31 1118.35373968444
313.305 373.949225068917
611.975 802.912207374648
435.195 338.20418984034
190.67 -73.252074144404
106.415 542.019463380057
221.78 35.2179075417065
328.125 359.142020301071
639.05 935.785850124172
512.975 533.564109281056
551.515 373.96543350866
1148.16 1296.1854585054
762.275 762.103235716697
318.775 496.940756486344
483.875 570.162235656951
644.98 564.789696949885
941.78 528.837818601416
401.51 527.613536291943
262.425 558.444633549018
273.935 341.757659761379
298.1 267.481950676648
402.745 395.945285530801
1041.75 1086.80386767568
370.215 338.208174753878
526.29 482.449798677263
789.885 769.511098993026
326.81 138.38049925466
1101.89 1388.24856465238
1450.26 948.461338029966
638.615 1099.05873665579
96.38 272.22485562531
783.505 702.7868901971
460.005 1105.98055917803
1338.26 1067.6748172498
497.055 468.015485879428
872.65 1092.36664684875
802.32 770.649320464106
380.505 449.599102793981
324.7 491.208085941076
493.39 444.563103758737
896.99 1060.67599216514
370.165 880.703858756514
671.325 409.045243282634
1020.42 1052.97326568001
1078.56 760.808657897223
887.845 775.3931262378
1503.41 1055.6149030787
756.375 800.774321270759
452.16 443.079962522421
461.82 397.011771541922
477.055 427.911802597626
869.48 853.002262842006
129.705 263.485160559434
1099.72 1130.90728931489
156.71 297.311497411419
365.13 621.901678869444
169.125 121.06101267905
695.045 1006.40858532747
416.11 522.423683582048
536.13 709.309129672695
664.7 1012.34262006824
896.785 972.7042942868
285.055 235.421696968043
934.385 975.037080083201
273.64 415.013482303005
448.86 453.879807683126
203.205 298.736129519215
344.09 555.098223796414
309.985 279.36777586566
255.435 326.990251376905
461.495 501.599433066315
452.16 425.017915925014
889.74 1043.01820515134
901.97 1147.82820729028
707.745 704.888194968229
879.41 585.327893605781
558.045 491.476398617785
396.33 502.743520326083
1105.2 944.749910830384
960.24 996.294695120588
530.02 470.007794062919
607.115 720.152121438877
506.235 424.238183776833
499.7 352.635670438933
55.48 101.181288501568
203.945 383.39811776285
445.43 770.988488139494
428.255 830.419519938977
123.185 93.4346743969571
858.015 893.188071634135
139.3 105.301545637415
1143.88 998.228514646062
434.685 629.083346394088
71.82 -57.6336210145424
320.965 759.269818568891
458.725 454.861767424238
149.24 118.766978707031
375.9 611.105377071601
473.535 808.281561240689
682.845 730.467336520383
640.025 957.283246479532
709.86 966.334766080943
377.16 495.996712970885
387.55 615.589133251913
692.045 939.419957813728
191.035 419.764855205325
181.095 361.900151184969
994.065 898.443011247253
914.385 893.633730595569
570.75 830.742418951617
701.845 643.10028557569
511.075 725.491010806273
694.925 645.496929196173
633.01 638.559830047683
502.3 916.440580640364
686.575 885.978625430774
471.07 535.317487153695
633.905 624.995370270699
7.89 -81.9900876296582
115.575 273.387048926354
13.1 -22.6708510169601
72.495 249.112930061779
1735.7 957.309315081351
181.765 394.702923166077
247.215 421.903656470515
557.01 601.817030296626
443.115 472.665850119951
149.435 329.345418946197
939.315 847.112250053247
256.195 322.627037628285
80.88 -27.1420444900748
471.195 646.935835135373
72.3 -55.5227623221723
350.5 491.517755489506
1626.08 1024.44659806235
467.93 687.334177389845
34.165 -60.3322650754495
266.45 451.18739645943
94.405 206.907670879432
95.045 -44.7386368591121
610.86 716.280952216128
186.97 172.146012091944
151.645 183.368545864713
173.91 535.790108462509
174.92 240.511208321568
330.46 356.163958916918
273.71 359.8212355139
421.335 518.346590119309
210.19 250.502911197778
414.82 447.297719583973
154.96 221.677034289374
232.775 311.319601086503
236.325 315.301735468889
2234.17 1451.798671368
266.195 547.894434361399
0 276.991535606613
252.15 725.012254371737
117.125 292.963083181651
1273.35 1043.60768292645
355.97 543.415763201193
199.23 162.207657258018
1121.82 1213.47665167461
1051.57 955.085927557454
268.76 580.319836518844
743.57 735.937353599907
675.08 734.866091338424
259.035 310.139070948826
240.44 196.454801015038
353.59 511.702379938229
132.08 341.764677722069
120.9 109.963914451007
105.365 313.494996841701
358.855 535.42061265824
263.9 322.489922036657
272.3 526.176050765931
245.665 419.017068260829
692.965 708.295245917485
108.725 343.317843255602
22.69 401.216438323438
1367.94 1229.4631703713
100.19 202.885134556226
612.77 672.346607323071
77.425 197.319735312559
122.32 341.535179245414
36.535 -96.9569185400082
119.04 313.356961058793
77.855 502.897337517415
1864.9 1420.15415222618
33.785 -17.5448141926757
344.935 506.401013027141
60.495 65.4051064646182
429.02 455.474246762655
168.545 223.176615827586
596.145 733.28971396692
233.11 232.163305581613
207.28 302.789616514086
449.93 643.578604180405
515.79 594.999084354212
83.3 441.920718504701
107.435 434.273577790234
57.41 250.61910869196
119.655 340.842476314999
152.075 257.384011486779
140.695 219.85950378174
258.925 519.152533282309
61.215 615.417693418833
90.895 530.279616200281
712.585 723.171595847975
528.1 721.510467648721
487.99 649.365350504603
0 -115.248569378534
862.845 723.494098071889
76.155 396.739193526318
1108.09 779.669506208242
30.31 102.3017372118
1019 1013.04072086439
63.28 500.427307437905
859.19 891.77294791038
0 37.8020436577416
1022.82 856.385848699836
0 -152.034435382856
463.585 577.685351283964
24.01 -26.4891876733511
1633.51 1176.4434314732
29.06 334.458453807629
863.11 759.564538553883
146.325 324.820073340688
63.02 311.701391978957
128.04 561.806477392131
192.9 697.754276036283
55.69 395.151309361615
94.02 506.270740106059
83.595 461.690428091089
36.71 362.423258463105
72.91 238.343829385382
33.56 169.979234631954
21.32 123.64481121018
111.035 367.221795469036
103.015 376.285388368399
40.695 57.8610453272778
61.015 257.578148081805
92.32 343.777592347119
232.885 491.257952046302
320.74 646.963004391926
