V1 V2
1312.3 915.935758592749
171.125 -34.0415645762715
2532.33 1748.96394782142
2933.45 1406.48017584689
0 610.037854975175
2951.34 1701.90977479569
1196.74 1543.79001353087
1165.25 674.721449884797
1269.54 754.119063939038
1235.9 1177.53691884201
385.015 610.098655977818
724.045 316.513036433971
366.055 983.296437667099
0 175.482110936734
1052.64 1289.50381042925
426.365 941.719943678846
0 -374.046100927161
38.285 1204.25744859398
1647.83 1232.86452549498
878.38 890.829189062864
1037.52 603.562297134858
2452.88 1676.29855174014
295.135 619.92874625071
883.59 730.992988105285
258.94 591.996156120819
1324.16 580.235969414695
2861.49 1367.82006451971
0 -71.5615241500441
1170.39 691.428342986122
267.35 96.7203740471003
18.105 -63.878130810375
2066.31 1848.2806956659
694.99 399.506261326384
0 151.668048935089
0 206.784391459679
432.285 300.978386093893
713.565 322.651214523408
449.01 443.919052572279
2662.83 1485.37796682332
120.775 416.369256241992
2357.92 1694.69518367682
944.07 515.15490662362
20.89 117.751873308675
1087.21 1185.58285471641
1024.13 966.871960835094
125.795 273.515094992956
0 96.9508318544227
0 197.919915914682
540.59 459.940446187483
459.115 460.762950617179
919.56 696.965061869907
2022.83 1413.16854321382
145.975 134.048253244095
364.115 340.47896303517
1507.42 1548.9414233325
2149.13 1086.92364632771
218.275 -6.92368872843353
225.295 247.994578487236
0 511.008370325316
725.72 173.687914979631
710.435 517.208363973461
1648.83 979.124551303335
708.365 596.482671910985
749.66 617.848260543858
1808.46 636.970954267654
591.73 841.011350504556
198.86 115.315348325363
581.085 535.429415508824
1580.08 1874.76732669394
340.59 314.436325160666
1726.4 1285.00881793168
1879.78 824.035297235602
643.835 700.600162668029
513.28 1033.54215211117
1141.19 1039.81905978299
979.19 470.998342987652
834.76 1271.49854886801
1947.52 1796.78988313661
139.12 187.904411410139
521.625 1368.89188130245
0 251.413866082332
363.425 362.93377436137
839.355 906.211484241165
0 -147.2700208147
614.29 699.193737040799
757.755 736.635940994554
1935.49 1454.29144153466
1114.24 1215.65667238628
1614.69 900.579747655724
2253.25 1515.70504763552
0 204.196306842126
0 -136.656532120797
961.035 397.613218044198
1600.06 912.605279335611
0 107.154075868063
925.04 531.896927291554
1636.91 1425.94896521474
108.46 -62.3448313387388
842.775 683.084449810838
797.69 1117.27351988409
655.115 732.03667809774
37.7 161.248386443179
618.035 491.16390444759
0 159.07286165243
0 330.078031479123
547.56 398.329940526455
0 -335.788917777217
397.43 1065.90282581243
1726.81 1344.78029327661
0 140.124925215263
389.245 76.9756721897454
1390.25 1275.0862567724
441.85 404.593644911179
197.86 484.86010551633
1238.37 1622.67876348962
595.115 540.857495923457
1370.38 628.721956963052
2339.37 1818.0049467232
982.275 851.919328999547
369.23 386.912743810854
0 694.964280485273
3782.4 2392.57747041704
1246.95 1567.89953547325
670.065 1160.79016007068
881.53 1224.69245679134
78.55 239.225725706717
1882.04 1791.02382889065
2708.26 1160.82230594079
0 478.346003446351
1929.99 1595.59522198194
781.9 1176.19581272869
498.415 465.56317068111
643.825 378.561376347693
891.61 748.138794054788
74.61 61.6151356542599
0 222.524931789848
83.675 369.144998768196
53.445 -384.052392697332
117.22 799.481926004796
1296.89 1304.11104620164
0 226.15764300068
1789.42 2103.07345676409
1041.75 1552.06667166017
633.775 614.119808862165
800.52 654.024848100685
2198.19 1482.32453151721
463.115 534.775120996423
799.9 686.136309284539
791.44 432.088689879144
1654.55 340.322857726892
552.17 1257.51860652424
24.405 -428.750307060466
1024.64 1270.20451552226
1236.84 437.832027463172
0 102.570765706129
2145.07 1640.66518804129
149.84 336.41349129068
0 163.813630384667
59.79 326.174439534697
389.65 123.183136270278
226.025 389.259640124438
0 172.684712035966
1807.77 1533.08383621705
127.845 65.7951789664564
622.875 1302.84024171519
871.745 696.183727467735
0 -140.899670512771
760.155 890.686864676124
46.155 628.736930845311
139.69 177.271057149936
56.11 9.27179137563965
147.12 341.393878193364
0 359.524778280042
421.18 435.710451385001
134.385 824.893391799124
2420.89 1447.9846944617
0 206.234867480496
312.48 100.161811956464
1327.93 970.67612149147
1429.41 733.364101824056
0 -140.389139233501
656.515 319.394276895064
927.765 331.164350253521
793.525 299.933341285093
954.915 751.685324041525
769.64 777.158398300274
294.005 272.664543020865
0 110.817532560702
166.22 344.956436179103
4073.6 2704.43172342255
297.865 426.613260460493
1320.47 980.846702379029
1942.18 1623.60828594136
414.305 719.337117394864
1089.69 1863.12171575528
613.14 1052.31551192019
667.77 486.46690660441
566.105 1166.70625459698
1166.97 1267.5123297504
448.35 520.436235841535
1177.39 1147.73817714051
881.615 1041.1632411128
542.265 530.295078780466
684.76 1050.87086918387
0 -279.134707343764
542.35 -79.9662955302394
290.075 423.343517834545
2044.29 822.712683219921
102.615 141.883090763159
2587.89 2235.10468236924
1130.38 1467.93784264654
583.45 1269.92014994492
1737.49 991.592944862809
1478.86 1031.95285693189
0 -65.0655993310539
231.875 1253.78256066599
370.36 562.582864329636
821.015 1079.48955340678
56.82 156.184055107389
1134.86 976.972656044214
1022.82 1264.29548711079
0 -125.808731103046
23.98 98.617357276198
347.63 511.833599344509
68.38 61.1358151986955
427.63 37.3878367312293
1519.19 1426.20631981399
771.505 131.417045945776
904.865 811.358866346849
592.265 810.915400012184
0 -106.63195292002
507.3 1045.1629451205
1253.76 1828.53230860262
118.055 161.090234587225
143.405 74.6941426413799
1211.2 1382.54315602443
258.92 477.015847060039
466.535 629.956618284335
1575.17 1210.83951897944
410.38 791.750290413815
278.105 517.388237137857
1372.65 1335.24760442115
1294.04 1178.48869242391
0 505.021346534374
826.2 572.093283813834
3246 2360.58837657791
1040.9 1175.79153539537
181.065 766.048380319709
504.275 278.881842462994
1182.77 1559.22436896941
819.63 548.300581949283
2490.71 1780.44892934536
216.145 296.665574264021
124.83 2534.29241645111
410.165 796.583603318295
0 146.125135129606
679.75 854.716124480031
977.15 1157.61962032555
357.435 374.588195747028
460.145 498.383277291742
157.24 437.332510835478
1627.33 1325.065299051
507.35 857.13655240723
3411.91 2102.61420491052
0 632.377501804689
3415.55 2701.89477942849
724.36 1282.22469260271
160.07 365.107466327162
2179.32 1641.8270251456
2100.64 1949.20112460127
936.525 1458.40358589903
847.185 776.820676026794
0 20.9228926047378
414.88 654.933604390312
1028.17 881.983187173304
821.67 1518.78741851507
478.865 504.235768707345
349.845 574.025794967382
0 107.873598036436
1503.34 1480.13964750045
438.125 369.935002198708
1365.95 981.15467949513
498.015 397.418128960944
0 9.00605865998606
0 112.664676620685
593.16 1229.78985629155
984.965 763.915540371517
181.4 300.777738688316
0 731.86988074461
0 -59.021064496461
1988.99 1818.57196562068
622.485 176.488947254502
139.23 200.031517229584
1612.45 1643.51057962786
694.005 532.940348949473
68.805 498.276639019101
158.68 501.261050283447
385.33 477.511062963699
2106.16 1212.16834508657
1483.7 856.723988699124
133.305 36.0320564522032
171.845 148.498038388127
1237.06 1292.45454405031
2051.56 1327.31404431811
0 512.037948867874
389.54 575.643806558477
1890.72 528.454806050848
201.065 -98.0866989667597
49.325 101.811312561485
296.635 538.917486637282
569.23 707.838122887659
772.26 499.768902483202
1419.75 1104.4780853546
890.98 1543.15402804434
118.85 -44.0588301643932
867.345 1010.57749722713
206.025 2302.08572447187
32.795 48.819020651907
1395.43 1684.61624595145
649.69 681.456515454463
548.735 805.68128607329
353.27 1321.466522823
614.17 568.468080702624
409.56 471.810695398042
990.395 808.736018237956
491.23 723.428597907028
206.2 -6.59086447284569
309.3 694.125690575124
1488.85 2168.07744584664
0 134.823889098143
1593.51 1290.64295909534
435.335 458.171504208161
341.705 736.158870258477
383.5 1283.4449368814
2276.57 1553.95174116936
183.95 598.868788257867
898.885 383.727828638788
865.9 551.597811653731
1514.21 1503.08763589714
508.3 276.716627084662
0 176.760277882191
871.695 457.005197719953
0 -55.4614229591744
0 -47.5747422983925
464.525 573.726953128783
225.22 -267.962063448375
791.63 800.731523419414
1029.64 1204.17881468944
52.86 165.308797567785
577.745 1049.8267482135
3045.62 2353.84357866905
18.945 84.2908119934759
1239.31 1393.54280760569
0 165.151828454449
987.79 865.434849100514
0 20.6935769223007
327.38 336.268758370392
1515.48 1323.46644922313
301.225 154.969697433453
835.615 731.454811353489
0 292.141366866321
0 -98.6986606788807
765.235 593.941643788498
0 61.8668967729575
0 -141.614163502867
985.87 1466.26140328197
2902.76 1603.28276371404
257.87 810.557148488125
280.645 315.697217396842
813.215 1157.19968710195
658.745 577.122561136761
121.03 733.06841104342
82.66 421.232500957679
814.28 363.942820321631
599.865 470.898613454522
1561.15 1159.78527699852
859.09 646.449091022136
1387.52 1519.56240072861
0 -173.935016236835
2389.34 1840.57935358722
755.505 860.800558337105
0 -45.399663108933
1283.42 1748.51676442384
148.395 1453.57535659597
0 492.33822497396
0 463.509696386649
0 391.265050182344
1056.16 1587.98313645457
452.085 462.856493583946
2592.15 2076.20164942994
0 512.036107000059
3928.42 2567.61457710206
576.62 1096.36215270023
219.92 244.726743557048
827.77 1223.70290991193
1627.03 1287.06323951892
445.6 733.984011873947
192.16 361.591423805108
0 247.912476072094
125.745 467.756290177169
488.155 744.180663021845
731.88 1448.86322941841
454.385 485.53456658097
348.455 455.033734236083
123.51 49.0780254765256
893.83 1209.88160483289
548.67 294.995990551769
0 -355.897515625473
278.925 583.364482044871
0 -21.3496430664145
300.065 370.204648198908
597.375 515.591744117275
0 410.944000176609
743.525 1044.83098290632
311.945 308.175229511061
221.4 262.225693531105
17.055 120.647902338046
975.24 1579.00273073173
456.56 229.528991789505
14.14 163.754638012664
1698.2 1504.52204932764
872.135 247.360612996416
403.08 671.161565246546
569.665 583.716553466424
592.545 469.305121434078
931.335 1073.25173435597
578.97 419.388507325762
234.78 377.159979909091
0 543.857374244404
1510.11 1296.80489711158
1645.88 1290.10923618411
294.055 518.923106669117
0 12.0641862475215
736.29 464.251771628652
0 272.298483185443
342.41 518.123861247321
74.03 770.855276736608
0 378.714994084377
948.61 1446.46228877339
1669.55 1576.52931717007
0 -10.5560493163537
423.84 1143.10549852739
741.64 1441.89403517576
199.35 124.987622197068
646.05 1122.47080455308
0 118.808681721118
447.89 582.788236757463
609.855 848.034769576681
75.01 -44.9130757107985
0 -64.6705867391773
511.84 695.769323473936
1432.41 1801.57736020943
0 -255.827512348563
20.565 734.696930795866
1246.85 2189.56376577029
272.945 53.5638562193405
1731.18 1572.14057722977
341.85 588.436391843587
243.76 414.878447035214
168.335 1391.90146573886
1436.44 1097.95410569277
0 -17.4436597429703
0 58.2154848436904
535.07 1235.3472230611
1657.05 1804.22442024606
133.195 325.993731338338
0 -223.059904675873
0 -20.1765736175615
0 -226.408739998907
1185.33 1619.48528495492
2235.9 1908.92694267133
0 458.038423418042
242.76 511.30689388225
936.87 1287.76502953504
0 267.120198536764
492.74 1008.44086055451
2745.48 2298.21927608263
1107.53 1382.35111008222
0 80.8984476620741
484.655 934.662960369238
0 -51.3675729374057
19.805 328.424049135313
488.83 982.021283536051
0 -60.411606116689
0 -127.969803005295
147.4 85.3598102520258
55.09 -48.0733574891512
341.76 834.397352002395
1764.12 2179.65057624129
1352.68 1207.11878168209
162.825 683.989871534685
1045.46 1497.10168736293
3272.69 1433.7304831578
549.32 315.498406987516
95.215 214.969866572974
233.205 586.519231398917
955.565 1631.99723234436
149.395 648.645414419647
664.225 739.668018309802
0 -49.5855476682021
