V1 V2
618.935 603.913892618355
279.835 99.3180398792158
1147.63 701.572778580445
1407.39 585.929574263177
41.67 67.2697748588458
1352.11 696.692976972101
526.24 774.006775425381
310.165 288.801473694035
561.255 302.803947283145
779.785 395.542786255897
329.405 298.598694301856
217.755 283.098743718522
336.555 487.523802231447
0 32.0433978302412
430.855 604.865664118562
127.135 545.492597439529
0 -122.691585470433
35.43 679.441806428401
429.74 572.041711608717
147.305 252.398665103235
114.305 301.636840444633
805.3 581.908234191371
110.5 233.440987811784
108.7 282.672175585577
254.605 113.49365940532
201.565 94.264143120041
701.33 526.244064190956
0 -46.9234206243684
70.48 285.453091887129
0 -14.9863973961257
33.155 55.872740428308
798.95 742.707981656399
359.675 71.0150286595127
0 -8.78005537313284
70.49 9.41581156692319
108.855 234.488625012414
168.39 283.771327699445
152.05 304.048944119313
833.105 623.852204457911
234.015 98.8678408753815
874.025 897.24905463333
164.535 173.586118037963
78.39 155.654478212808
439.08 568.401244863531
377.935 463.113134846035
0 43.3173656933699
0 83.4972740571629
0 28.7290347977783
89.55 190.807283421016
63.365 229.072968047918
227.185 133.794995395015
456.455 595.112746705053
24.765 -92.9350208956148
33.4 175.244528558969
580.91 763.158216083845
856.735 398.519819582643
29.565 32.127078193036
88.32 107.857538690733
0 155.17130892205
0 -22.0451550668545
54.945 154.438853831495
482.4 618.773426942808
80.88 257.989716475186
257.675 156.765511830428
593.15 472.915212473482
200.525 249.372645467815
116.205 -83.9645788927654
152.395 110.177977834876
736.85 559.310929325035
193.595 269.722568581762
255.905 1003.19817490404
710.645 592.104717756632
104.035 42.7211548628444
324.995 484.049278752936
268.98 639.629453990746
244.31 196.413026944372
279.205 669.589268263411
804.31 876.321834709854
161.145 179.09440112931
160.32 597.347300403078
0 59.8846221290773
242.25 231.676340569266
420.445 445.536239621472
0 6.07660509938112
69.56 100.457715988464
128.675 153.064435564003
457.235 416.978085836288
233.27 461.831922611911
306.275 486.513932414405
955.385 723.738867453759
132.845 105.026996055975
0 -15.1214151228851
149.4 189.573793834487
436.6 674.128960961562
121.535 34.5484590388878
75.26 473.113519538327
595.3 1017.0954663582
134.15 223.726146584476
313.285 194.509638857981
346.115 454.023934747764
267.185 150.735095716138
0 -66.1314977465208
158.35 503.630011003875
0 57.7888307733676
0 -156.200825884598
83.2 155.057583799294
0 -248.479802572068
10.965 511.395141266518
907.475 1002.82206624503
0 126.147401532797
237.335 219.363625573061
644.875 631.222022038905
176.505 203.597212978498
180 364.500528132974
441.42 988.191129103711
206.05 420.615335597151
336.08 200.60776708936
1053.16 933.43037707084
180.395 21.1332169485067
42.18 27.6385800592775
0 222.616974955834
1551.18 1088.58526784228
464.945 579.34576137514
304.81 459.516886300269
313.965 812.778315813256
236.43 91.8730963583141
596.49 903.828003046988
1197.79 601.423111748941
16.455 76.2563442831934
689.165 735.058549484629
503.635 430.541359016617
324.23 265.348807394682
373.185 252.778562333577
186.2 160.841475794849
0 39.8392973431768
0 53.1080347935847
80.61 238.043783801354
183.75 -239.535872860924
89.375 351.365939718952
1069.03 464.667137611206
0 35.0894234375628
1151.17 587.4447440649
500.355 768.633182463903
281.64 282.612202298797
156.76 318.519338956267
1048.36 578.774409127005
218.045 235.339313601946
309.79 280.261487111175
398.425 185.895153425557
429.18 97.401570101084
68.125 381.831070135571
0 -148.914643481797
285.075 473.694711646176
130.025 113.17393842871
11.73 53.0517110453202
705.91 869.182444423274
119.95 178.652720674639
0 -11.5713909764331
31.41 19.7323776712821
304.35 232.447267466074
143.77 205.825887405143
41.07 160.228648061183
703.035 643.815218907552
232.04 162.939057113807
451.23 604.490167593906
384.705 195.565430586789
0 -102.128077104959
159.99 319.410704564134
27.01 242.91996642302
22.265 -2.48000350758552
5.205 28.1576769141969
177.065 142.867474326855
33.445 283.407139083015
0 256.401726677023
11.83 327.194228805393
895.675 719.813563499335
0 -117.577870872768
240.645 177.485771206628
471.73 449.490007183518
221.685 168.080749964025
18.75 -134.727122482652
253.65 145.284492601073
344.805 151.28154635226
53.71 91.3521345920823
138.41 119.708539654042
370.295 410.664041346231
66.99 -41.3317389152159
0 -118.253100837391
0 234.507706970024
2616.8 1222.62293549531
217.395 123.277158650378
451.225 523.492970735863
836.185 704.347123827535
268.785 353.636796534173
350.88 986.977624408262
0 639.710727799785
5.025 148.166647884975
213.875 622.119598590316
217.935 650.096152004023
124.355 208.971915795386
468.115 669.194295048266
310.92 574.699506228136
381.225 181.440382112285
495.815 375.502991418865
0 -30.1959906569022
464.48 -52.9598200681193
143.38 190.539324909281
1232.29 571.061035418272
0 -187.025675320492
1717.06 1100.43810539328
282.32 576.68953100081
193.76 470.205650781242
321.855 497.507245590827
535.935 441.296882169542
0 -101.990030979315
142.765 516.604638639188
115.66 198.369953822275
260.59 689.962113086214
25.525 48.999566668905
249.855 217.295494697895
483.22 830.525100025449
81.615 6.7989915017602
0 -58.2257271428083
101.285 195.5093029962
22.43 -88.660544720132
175.035 208.017449455275
575.335 456.044601755542
7.125 198.01963872148
162 81.6719181923884
382.5 564.624347293406
0 -38.2555913731949
153.255 460.359816147018
526.36 1013.660200965
32.525 222.038796691419
266.575 223.658832675471
172.515 661.147495937996
118.375 213.22055544801
301.01 157.541423052348
592.64 789.591992546994
94.415 236.539228813668
239.46 194.034531933154
467.695 650.388406624603
338.555 516.200863099753
48.16 97.2585770819612
302.5 196.755081524661
1964.55 1081.15700837806
367.215 317.456727455252
126.73 279.48533478538
350.135 184.142653217419
574.98 582.196070696248
420.255 163.972481774434
1643.5 930.843522380261
82.11 292.948494541445
11.23 1174.08769007887
164.66 41.0138575333164
0 -113.282468687501
234.795 158.487620952269
416.03 447.931311656501
96.875 81.5175218984139
118.57 108.28162401309
259.43 153.369533674096
775.64 388.951892642102
81.025 167.055585931621
2311.28 1088.62102693002
0 418.805284970462
2509.97 1193.05660519497
319.965 628.540027304397
247.41 -14.2262486376982
1172.65 694.369404061279
966.845 941.389137601451
329.995 557.653770457005
359.68 462.991437472222
0 -58.5579816947884
328.015 273.130037930544
381.985 270.084102650717
613.885 624.90086689467
216.43 214.386818221269
126.68 213.290194686984
82.805 -7.10266395574139
765.68 712.157071519785
331.835 291.860247191358
561.66 597.400428725074
332.875 340.347247009237
5.96 -101.348435735167
1.755 -77.384696581488
164.185 127.555549682295
289.635 -9.5965371183261
98.725 -25.894619545826
0 35.5681492394811
0 -77.4962790884714
880.71 582.196414730019
347.205 222.76159997545
108.89 46.1429230465135
749.42 759.986444121001
243.435 254.320868963904
116.035 161.046157744335
0 216.211581141046
206.215 256.938467552937
861.95 564.989420900866
589.51 444.140765821828
53.07 -144.456356089478
0 23.2049052164787
366.75 451.609530470336
764.785 616.028263323747
0 104.496439842914
106.165 289.855410731006
553.795 158.302765780432
194.975 48.7481608278895
0 47.8941055940894
181.805 157.326799049745
124.9 313.621770704524
181.44 284.321448420397
620.71 499.352172110248
446.3 781.150901777823
28.445 -42.0492104299289
175.605 506.765031364547
109.755 1149.4651142786
26.88 261.166243001054
550.265 748.759803627574
382.87 145.087012086796
214.74 290.436815621927
256.77 825.853309173356
318.55 186.415950010177
119.135 256.240778959145
491.54 442.544649021233
117.4 273.197163572683
103.02 78.125600480646
75.835 119.135242426882
241.49 1164.92204045183
87.92 181.603932094603
579.075 568.442323824152
184.39 249.156880048462
85.98 320.491585694695
158.01 643.97790670761
220.87 978.391955495613
61.81 150.861971347281
328.67 173.935941527162
166.2 121.098763022219
690.195 954.596727919837
233.05 135.251610196852
38.055 78.3531905476165
336.225 98.7101318856876
0 15.2278869308702
0 1.21062545156281
115.735 149.505150892296
0 -100.126358870519
352.88 182.967901933735
414.735 449.235920711497
68.83 33.5257723246501
198.435 550.961095344265
1536.41 1097.30431230525
212.81 73.5426316629804
400.705 608.065147447775
0 -66.7405807082696
287.48 530.708145340393
0 -214.169058242038
3.62 286.527587427047
775.635 771.529829369458
118.09 139.614049861064
275.32 70.0018628588685
0 129.396557773611
0 5.32320158577822
97.915 146.230885748453
0 2.97528245976779
0 -38.4605223756488
0 602.863946427487
1497.29 556.467282153076
186.65 222.075867620358
0 442.346912242457
323.765 457.013512862069
182.725 499.708335452829
258.245 168.239750543643
49.135 232.54294576647
318.315 171.131776392419
346.28 229.158020814328
398.775 297.685143831334
379.255 208.483925017324
592.945 677.170271883959
0 139.088144591865
1302.07 768.702782482599
249.88 556.376398459689
0 -19.4009022235388
565.855 666.407954935021
188.345 590.160788777769
82.02 156.81363584932
0 209.113846556594
138.77 188.77720050618
459.88 581.999233154037
121.665 170.327762179626
1543.13 1135.12920006866
0 425.471977788014
3060.44 1174.39989507699
222.33 347.974986424644
121.705 102.717113412148
325.685 470.247377887937
676.455 642.333108721308
0 379.428312764096
0 286.441560656958
0 150.65594766236
168.045 160.998291349047
396.48 270.496520156539
428.755 637.88349880071
290.325 218.735622761629
113.485 222.060497626526
183.555 9.02622541688907
496.915 528.253144342034
523.965 278.401458559404
0 -200.772298709205
137.89 345.344211009186
0 79.8716267547314
108.6 107.694751472829
133.38 144.560162559013
0 -144.866702532878
321.2 516.007380945025
7.605 138.026145305867
61.53 153.126039461615
51.835 -7.22772733345991
650.42 710.491491840344
215.155 293.700983445613
29.975 55.9655786388321
877.705 760.726655075715
282.35 257.108436428298
139.77 149.518855344824
244.715 135.999281011007
83.96 267.473854792309
489 374.5032532659
56.045 201.804785559139
208.97 58.11089167243
0 173.17866247805
739.46 562.608900813693
803.87 621.924066384479
254.915 130.74149858558
0 13.9247653057446
319.945 174.428384744528
0 121.069919776755
275.135 339.128882681437
237.905 413.692221847329
158.995 241.593720788231
611.005 773.61019502554
1381.51 742.610464289252
28.445 -46.582350995294
253.715 521.276118302688
567.085 963.081292823403
267.005 191.218264054669
81.315 454.352000320664
0 -55.5774355818876
351.585 262.938920779367
634.675 462.59981025547
0 -63.7145125702492
0 -31.6687874730929
208.08 198.832678199523
1148.05 646.523612560349
0 -49.3645756217247
16.75 345.849946884966
744.4 1112.53083564042
97.225 198.056064242468
867.935 727.258506996927
148.555 260.105465738727
171.5 428.013220383813
1000.58 619.546426968952
691.09 777.838605921776
0 -119.709774048493
45.89 -36.9798532999462
316.09 527.898045137218
983.44 946.671828761231
62.575 147.278617222045
0 -76.1454014023609
0 -177.403134451935
0 -90.4414605301709
1552.01 749.711381218397
2411.57 1105.33730188544
0 468.773062963543
495.495 145.029244694757
881.62 596.036002199405
500.01 -37.7071324903599
378.075 546.307560937094
2327.81 1064.82067125846
34.18 631.070029095491
0 -45.3240845527514
330.29 536.448151495762
0 -206.02911187794
104.16 170.393935667561
484.95 467.816095835425
85.13 93.4090792582064
0 -46.3624970158381
75.495 -202.015331348778
0 -56.197574069942
226.96 568.29807754228
1296.05 1141.71105677336
961.055 606.131740526272
165.44 221.264819484535
806.01 747.12797818775
2151.39 540.76437920485
458.59 254.096164010982
169.66 131.728075335279
50.115 204.430548022627
615.255 459.168427960136
287.495 210.876705248181
268.605 269.609666163828
61.955 -94.0753278077024
