V1 V2
832.955 528.630210836092
151.035 -11.9652105953986
1047.39 1337.71365249062
4199.62 2176.75016737481
52.115 670.805396342215
2899.41 1799.6523598293
1357.04 1893.50316319783
508.84 682.628523099517
971.385 608.321984412477
1181.59 774.07027949625
271.51 541.156665126348
293.3 98.5947632334676
1310.64 860.561631628937
72.105 248.934603310098
1225.58 1525.29431918454
560.8 1108.96837800665
0 -368.050063321747
186.835 1175.11390831944
1171.44 538.173986099384
464.39 329.624302164056
565.33 360.898169061658
3461.98 1897.50162380057
479.49 492.483838020378
738.545 711.55791484794
270.07 256.004948407465
196.4 118.896720828764
2198.16 1541.06528697661
36.485 -7.76525068185572
555.205 755.194642411681
106.99 -32.6512224922041
66.64 31.1737722243797
1173.17 1312.23125741161
201.025 205.379898736656
65.685 87.1211608319071
215.34 -70.3602914936898
238.9 271.789587783057
261.19 310.12821622594
190.485 450.259057012708
2241.83 1587.6721050941
230.86 428.949407854093
3785.47 1864.53390288422
666.885 157.18306039691
259.83 42.6682156486312
1080.32 953.777347367541
792.565 1050.05842420179
135.78 117.120230619459
224.38 228.951131652422
163.87 108.258219576521
315.405 212.979018980528
200.53 164.383516654044
933.765 487.461214105358
1072.81 744.950760772463
146.675 -90.1233063570307
157.79 236.744678612869
1434.26 1807.89631000629
1458.86 738.925005802295
117.765 93.5853591954344
151.775 53.5570514690442
271.51 172.930934193685
104.44 6.56067425503309
303.045 287.011850543902
1598.96 1496.51364305699
291.465 526.565721806231
424.4 227.82100609083
1565.59 537.718369168255
279.405 712.337277932012
119.515 158.412194261117
471.15 169.837797773603
655.07 1100.22787049815
212.265 349.832756083507
1114.17 1155.33866526395
588.545 830.860704618997
204.545 246.546964938038
407.815 1104.50437059651
629.28 1059.93118881782
555.59 -18.8364602510625
1078.1 1590.80758712779
2805.24 1891.12376041407
668.545 230.331624358344
510.88 1788.03285233746
119.25 169.433796840088
475.805 198.646397478993
997.21 508.261409230516
43.195 7.30710082641716
927.68 457.295528175529
427.9 420.609875486341
694.83 661.630800926988
251.81 1301.04083062851
1040.41 876.137831881884
1938.5 1652.25121300713
158.27 82.8351369442405
76.55 -74.6993160630641
172.76 150.561398818723
1101.81 1118.14774892265
148.02 115.565385417694
341.325 559.186717910662
1456.9 2182.07701887012
71.165 -163.749160256359
567.025 753.360914699488
1076.6 1212.22735328095
288.69 469.818351306463
61.18 -117.536835508548
554.675 -70.9082132660939
15.77 191.637215163829
0 353.76109219308
215.635 424.91314172185
0 -334.716462262834
235.795 828.115384365746
2005.51 1765.98458318367
60.945 -18.2229019993752
520.97 -20.4440057817362
1581.65 1400.93698157879
307.17 26.4751494413462
430.745 143.097925681465
1522.66 1782.26347002238
181.075 521.934704855579
376.43 420.561973252601
1619.77 2025.45897967435
434.335 342.528667373349
120.64 -8.66078875644845
184.57 115.44959821572
4316.57 2724.08801838128
1033.77 1304.0601502681
321.215 1274.68839154399
839.21 1420.34097360613
132.71 -63.1326502708254
1028.86 1507.7699545739
4042.42 1884.36916771543
39.435 801.486650885355
2830.99 2023.8488002479
845.41 1170.01704620683
391.19 330.212016399128
428.165 490.898330252455
626.73 434.271041706764
0.93 45.3925019053182
7.23 71.7711878720261
297.175 236.152177697788
204.045 -315.048629934398
482.89 986.001757088347
1795.31 1410.84605655798
9.625 504.564100266896
1097.28 1920.95187584909
973.035 1433.84131858991
312.075 308.316567864087
560.53 56.1921697640515
3100.07 1968.89504972915
206.175 438.22630240706
319.395 793.624623171876
406.14 205.929178388789
239.595 -20.0141242173768
155.115 1479.12050126218
0 21.1218387222394
286.92 775.014094772768
291.25 56.3226879119877
65.375 -102.6960991198
1294.14 1546.20914231607
468.815 272.783945531183
44.16 279.532125639723
167.085 284.73256302433
455.805 170.041465979957
104.205 279.069788152789
0 142.206240639603
2454.61 1741.77809136239
249.9 241.118226727566
865.38 991.930404417943
392.335 244.580867080648
0 -156.856019617844
368.505 991.916416871545
137.92 784.027547671041
38.78 -25.4160033533372
45.79 118.565651448185
158.555 72.6970447514391
106.53 150.345054547956
268.65 65.0366518273978
62.875 219.452530105553
2393.38 1325.37043720532
135.68 134.658656584336
212.965 155.365166292723
1152.19 943.350020369423
1278.32 526.765586123408
109.81 -389.978888734309
161.28 14.0227432641476
270.29 219.805237666157
89.16 -85.3498742374958
294.085 494.513111644627
950.8 912.177954212446
74.615 338.638334002082
0 37.8500110699235
127.67 136.538210515638
8255.26 2463.44401006302
310.885 69.9832345848832
1315.27 652.77072594921
1335.69 950.129186267149
240 521.424814285748
1029.42 1931.85126834162
388.86 1035.01586831469
915.32 107.953752411709
1000.55 1708.04961679249
2304.51 1410.675398633
282.27 69.5001208737114
1443.41 1396.75487989359
413.8 676.898378817559
505.425 475.722638161845
562.605 940.322573919066
0 95.5010935919508
268.985 -80.4418787621511
343.61 -116.725541419531
1778.94 784.334259852051
102.58 128.583042153614
3038.65 2357.48945356633
715.7 991.144935510524
220.955 1599.31092446008
2908.16 1155.36874744642
779.165 666.772756818587
43.865 -62.1617928979418
267.4 1263.09136336565
178.41 404.530267096449
1018.09 1170.28519711422
130.515 446.782011855619
433.88 651.91879972964
1322.56 1125.39643077354
140.93 -452.174793409029
153.205 189.425935272019
295.805 332.501935686203
67.255 95.4268159569764
236.895 -250.162221112217
996.1 1175.99301079568
164.02 -207.330573680059
310.99 361.045387421357
618.265 563.341562801183
54.835 -31.806299374459
250.93 362.951489339389
1405.12 2547.81390511074
50.55 42.0074362125191
420.615 165.543991274166
1145.55 1686.94451761995
244 490.990585883931
262.45 549.638310793158
1132.92 633.96824034552
178.595 382.758523228439
186.8 155.528675532897
809.895 1407.27452284706
581.135 946.243570345976
335.82 186.810742633962
417.17 -28.97674717436
7112.8 2754.31912980683
606.29 637.521584187021
98.585 1101.09382370842
425.24 103.094624811088
861.68 1405.56293225702
208.535 328.80382667492
3565.23 2104.0086250998
127.79 -2.10649785758181
0 3082.74845741106
172.345 524.195608635472
42.825 -75.3582779676185
189.9 518.732958962508
739.86 940.441074262107
179.765 71.5999316748134
219.74 185.34629470722
301.115 91.1695312913476
695.54 477.998590605407
191.715 169.087870341752
6787.71 2698.3862589052
0.42 829.37132335214
5000.84 3205.70723677664
699.855 1269.42039718923
124.815 267.515435628798
2086.21 1347.748364706
1844.55 2091.7525252785
507.895 1363.80519741966
446.425 314.26523174694
25.395 -65.935720460894
86.065 307.985406924795
287.96 580.180161678686
730.19 1437.18264492385
266.635 341.837335121881
373.395 643.233218875574
128.63 312.147180684689
3010.93 1689.64233208841
395.175 470.221593775029
770.76 773.910429905914
360.915 307.796630456614
7.295 46.9061366627838
22.205 126.702520080866
340.545 828.029618225115
323.7 269.499447424652
92.67 45.9462841225425
0 506.918589278758
12.345 5.75101907779451
1524.26 1526.10501737288
374.685 12.9145566645842
143.765 180.88801463003
1489.89 1486.706986172
656.55 373.3701975876
353.345 436.551575786235
311.555 513.414749725157
299.775 381.962128184441
2136.4 1567.49402192443
927.66 555.047350474946
0 143.78478848688
30.145 83.4823472743208
497.55 1115.18503978158
1365.3 1312.86055746235
303.015 299.018102709794
148.765 409.979987547436
390.86 220.611598946423
93.74 -191.479369507665
37.46 19.5968584804198
242.535 411.7718801886
195.34 550.257277585609
364.095 205.494141366775
970.055 718.334858077196
1217.23 1648.06086242359
113.295 -5.32276123720936
472.185 988.910281767383
58.275 2723.21522153041
154.685 -6.03736336123213
1460.09 1731.33511553902
339.55 605.210267291543
499.545 664.421100891162
847.475 1660.18411423747
272.215 262.114789358575
369.43 60.6758172213168
1497.55 919.760355528806
299.655 727.699691250775
151.675 26.8801681205843
411.81 381.790137117287
971.445 2468.92655122755
198.545 71.3659638094158
1136.88 556.155997322672
468.645 319.789367515251
232.375 261.704554963675
311.18 1421.1169983739
3148.76 1706.72262165615
259.64 509.335284601051
392.245 110.501592301569
685.62 290.134402678845
1150.43 1304.70326531657
261.875 39.9373032673341
43.59 143.529184915716
822.37 455.712382485399
4.59 5.58331011674511
0 -51.4282347731589
261.345 534.029777963988
0 -198.39593406721
455.075 166.257808975218
325.44 741.760606765088
69.49 -2.7985832573458
302.93 1313.64732725101
3837.09 2771.46138586284
66.945 123.47935155149
669.895 1434.31150292684
22.2 10.0411542631302
764.19 1280.7127843216
0 -13.435403689828
177.32 234.532027815586
2066.32 1481.06118930631
181.45 86.3756076347472
569.84 541.882283868846
46.155 211.283407246787
106.49 -69.0734204786963
687.29 227.753543299218
27.855 70.4284155751492
24.57 -245.803146853435
627.835 804.97453596476
4130.23 1790.73122716757
271.82 844.2347301968
222.14 -249.056805601178
644.245 1244.29721855169
557.75 148.896492353066
166.6 447.691633087804
62.565 191.498585231402
221.155 135.126556265673
440.605 340.088996297573
598.275 757.188004261141
233.765 313.382745569357
1102.71 1839.65871418544
5.55 -255.166096167225
2525.15 2349.28731239213
404.125 860.366412660272
27.575 -4.40741713036937
600.67 1515.43036638229
537.425 1697.91934536637
286.24 323.677215407995
344.81 288.442276218155
277.555 45.2232498496197
527.475 1129.73301009125
227.28 98.7380848293858
3417.94 2858.93252245176
28.65 651.504232539162
6551.7 3265.69007710821
705.26 765.340413319911
265.91 29.0453101781993
315.965 479.822892223736
1666.49 1128.13468420783
247.12 1096.41570795012
99.295 263.162191271518
0 -416.1049058422
225.175 200.658604806933
348.355 357.508123789812
641.03 1477.67412751564
159.025 405.211318764562
246.31 576.120745904443
96.33 -36.009129394303
551.345 1083.73681481926
367.24 312.839222085841
7.99 -428.676012173279
311.27 404.842138968471
98.9 -47.9262140663455
168.61 38.8661584319713
173.035 537.151953430006
11.035 489.532807459249
366.815 672.911921155193
133.015 -10.1997671836782
147.57 -260.566446577375
124.88 139.018277873214
920.99 1582.46619696498
393.77 215.255168389815
29.24 290.647217203936
1126.21 1646.76871590665
388.35 185.987377448705
153.85 398.734360144196
192.205 392.295796586674
134.01 471.938556685805
463.935 886.026728737848
232.67 48.4330146980115
112.09 -59.5312016896391
128.61 259.841083544362
943.4 1492.64490409979
1344.13 1412.71802882822
305.91 307.355853319269
0 21.8242337329521
247.3 305.518524426847
25.055 -13.7377281266929
228.735 221.71632874418
88.475 854.963444374861
117.255 106.184135930026
539.9 1692.69542749867
1595.13 1988.33500635003
79.805 33.6034783834767
369.605 1382.82772853529
292.275 1091.59910398806
157.17 199.7593293916
644.575 748.383570260942
0 349.011950397487
371.865 331.811010060212
813.705 789.127418405553
0 -107.765203365429
6.955 -160.543775310434
349.595 864.597940028465
629.13 1645.8321784692
25.8 -87.2552423763114
68.415 26.1647546220837
415.895 2361.25737345087
82.18 -57.8610668560205
783.515 1497.43566677852
134.15 922.076948414602
77.535 -197.517687053532
1257.95 1607.93617170738
458.275 585.621651963675
14.05 118.998766590441
31.67 -14.2771047147568
351.34 956.835450992016
790.055 2050.52580914556
280.29 335.519382521156
6.285 -123.269436615287
36.64 187.61055515382
0 -98.017252543662
1429.63 1655.92941703938
1580.96 2695.16055845809
180.325 318.044632159859
182.335 33.5520821070458
306.43 1315.18581661123
57.395 -41.9797093706856
378.86 1293.03020886953
3316.1 2880.72232020909
489.165 1695.29861596995
0 78.5885137577231
365.97 1404.12953470047
0 196.004258324783
85.195 211.456127445073
443.44 801.612115631802
41.825 -48.300460487229
0 -63.1282959421853
52.19 -5.32580277518754
0 -23.1959690903481
61.35 1191.19128341983
816.005 2436.29744321245
541.26 1454.12754814748
51.655 659.116672333808
441.765 1372.95548599238
3303.51 1921.41625323622
505.675 391.764325974413
172.55 -413.861568996604
154.96 440.212873357228
534.93 1444.61612006462
193.26 376.382089292653
46.88 322.402222879345
24.27 -54.2409126701701
