V1 V2
6131.32 5190.6546653048
362.07 -65.0434326220391
9266.14 8777.48824513284
14517.2 9121.66932175358
31.57 2614.33983099419
14246.6 8561.61406340086
5306 8637.94262305358
2596.83 3589.27621143519
4949.03 3961.46681954325
6475.69 4877.00818471447
2214.14 2650.72209911531
1807.43 658.815119817577
7583.44 5990.72110839211
1214.01 792.983483053468
9056.35 7801.35449978103
5210.51 7706.39210337327
48.765 -1122.82107560336
2073.96 7411.61352806885
7316.56 5149.02057996513
3355.36 3841.79232707387
3173.97 3025.63529943735
13570.5 8197.57370975021
3646.22 3498.32239823001
2493.02 3581.07723638577
851.85 721.881968117064
803.215 -130.212049047612
15116.2 7999.82480293783
0 -303.743738645162
7782.47 5071.41784141813
581.39 506.901229811414
0 60.8938682786232
9800.53 8178.22159255162
1795.04 1605.80595160438
753.11 1217.20434065813
812.165 233.292140192185
1800.66 2162.17463529553
2720.49 2401.18208601981
2327.89 3113.88796569807
13520.8 8933.66216081965
987.105 2135.37770594221
14974.5 10078.7942655882
3649.09 3054.64511403404
434.08 -387.671892645727
6903.9 5453.26462803944
3004.85 4781.95441833118
887.685 1007.54395821313
933.055 1102.31438295276
598.3 -154.36710113799
3110.44 2332.9111011578
1306.38 2260.22407373779
5979.72 3450.41472820283
7805.12 5452.46431210829
554.995 -185.590295657734
760.64 1370.2616288113
8828.12 7954.03645126108
7969.91 4327.93347765916
269.775 127.60554660405
331.61 167.49666382109
1139.35 1516.90949393808
0 -549.689258622677
6486.61 4121.54433930166
10195.9 7220.11783441118
2984.04 2859.3776775633
3970.88 3180.57188205343
9171.79 5418.50029025172
3227.6 4693.11101682034
679.245 728.581576929967
3653.74 3368.81224638629
5037.42 7378.59880069001
1356.69 2740.12804799681
7110.74 8135.724283532
7822.88 4167.97297584843
3736.57 3674.81700665395
3755.02 5739.43183394271
6741.6 6677.34375574515
5429.84 3862.53959304641
5080.09 7488.96901736
14116.2 10111.8063335969
2321.09 2091.70069833169
2977.53 7941.08224487552
512.835 901.775402087127
2235.8 1432.38327375918
4720.69 5618.28114981315
0 -698.830743357315
5147.14 2904.73923713612
3974.23 2760.81635250158
3713.04 4512.28178954922
1033.67 4927.9523391659
7826.48 5016.89804930695
11868.2 8149.28832116643
306.155 38.3350446625948
56.985 -923.493471286633
4822.6 3233.10642808674
9367.74 5764.00400059133
1026.81 868.930145077755
4423.44 5332.90645256377
9294.39 8201.35948986777
328.11 -768.515069545461
3701.69 1963.92053489332
5973.44 6687.48842923454
1725.6 2787.2019665447
535.46 898.165101055742
4486.77 4083.62598357696
130.12 2627.30150940176
462.165 1692.83558335886
2581.43 4026.27687603027
0 -1098.16579870026
5003.88 6644.33249291404
12382.1 8986.79208335176
0 146.120729354816
3123.8 930.245518372647
8621.24 6731.93620075361
3201.8 2516.55816845896
3174.83 1617.21870967209
0 8681.98787236392
2206.63 2497.51401025412
4655.15 2361.05442088484
11482.6 9047.90533862047
2141.22 2882.9385724031
433.48 221.544826632009
1127.91 1441.50696321552
15277.2 11922.8635895918
4502.02 6151.39402187204
749.9 5010.62821596374
6686.85 7121.89491681678
601.15 1258.02752654038
9633.93 9300.27156263793
14980.2 6823.10694191278
79.59 2490.52173600144
15012 8411.33335382451
4030.79 5990.68353391181
1322.11 1957.18083688261
1200.34 1536.43129245849
2777.87 4101.1399608687
118.165 303.830950438052
37.34 620.474962394727
1937.7 4130.30265559201
734.32 -1076.08087644895
4565.23 6078.9042094817
9549.27 7385.56780670009
0 1036.79143741023
9960.85 9835.6572801411
4918.89 7654.74355167059
2444.86 3040.6756437408
3832.36 2620.54354100342
13492.1 7044.53195796194
2430.27 3165.87755568904
2734.5 3709.34958378798
960.99 356.088874616028
752.975 -51.3654136381392
4332.67 7661.28088372441
30.795 -1089.50043433207
5289.22 5961.53711029874
4406.06 2754.27944063793
31.83 496.404368254328
9133.64 8978.2857965424
1559.92 2265.92772214678
342.94 1638.60349643759
502.545 2020.50063032727
1423.69 1853.31575123001
681.785 2032.5209725871
407.415 854.183984378268
13915.5 8798.44922271785
620.7 143.059183834705
3771.57 6598.28042147796
2155.71 3242.7891064495
9.05 -535.150022297029
2316.17 5666.86679905939
809.595 3548.80637227285
494.19 770.300771770252
614.705 887.953330683834
1507.77 1224.95894006179
2391.88 1963.01099449937
1934.51 2178.22290106982
1148.1 3513.94767795542
13812 7053.6386137014
407.46 433.869786260888
436.18 301.018600840095
5497.37 4436.88765067289
6979.8 3263.77872751537
0 -1121.71604672546
617.235 767.392154948489
1292.81 1510.86398494355
453.53 27.5695561650533
4063.09 4245.53298507576
6610.97 5853.57651853787
1025.68 3185.11500734877
288.54 992.901989829776
2152.23 3817.33546361362
20545.9 12966.8111116883
381.72 1359.8391938136
5483.32 4327.1534395139
4506.31 7340.58780065206
585.99 2689.59037275164
4386.53 8995.54946315689
2652.51 5287.06280103428
2615.56 4009.44701018359
3657.21 7806.97025529906
8561.8 7962.31544784749
1407.34 4366.47088079912
3502.07 6705.61674679172
1658.63 5721.16131063944
1388.52 2264.27992728411
2297.69 5959.9104964201
0 -1014.04759754132
2385.87 -148.385887241073
3269.74 3705.31845089058
12008.1 3832.69128961031
1125.91 1695.46126278619
16344.4 9879.40028162698
4643.42 5463.13128732062
1305.69 5278.23858286103
11792.1 5746.08516657561
4739.85 3996.52303106557
0 -972.533105549247
1506.37 5770.56480033805
3033.49 4587.43999069968
5963.95 5764.63176495797
591.935 1448.37563126968
6805.57 4648.94715552849
7215.39 7993.79480217255
107.025 -1004.43766708117
382.555 446.786557474904
1097.05 3982.39727105389
253.135 62.7188770630656
971.995 60.3342568493822
4592.9 7098.05999816693
1391.75 1284.47735267281
2578.71 4176.4124327163
2931.67 4145.05211396021
233.115 -230.606805963113
2894.3 6525.36469943982
8038.41 10356.1797533579
364.745 -226.176045684426
1761.64 1433.51816790266
2635.6 8193.04476180301
1403.32 3594.16473908683
2104.45 2196.57029704424
7731.56 6321.81638481914
1513.45 3637.50295797165
1473.94 486.48979997773
7089.35 7373.56935073938
4085.14 6073.81212146226
4001.94 1417.5470305981
2546.13 800.686363565069
17959.1 11238.2305961572
2574.65 4111.13741184943
278.105 4413.31388072507
3188.96 832.607092199047
8146.49 6312.51126728153
2934.22 2601.98544013157
15435.1 10446.4363696512
340.34 1126.30420908661
1471 13439.6923107501
1490.98 3517.55545704951
0 -532.697664215171
1485.76 4837.83497632781
3587.89 5216.1558104652
1696.3 1922.96003098097
2303.06 2536.17167028896
1327.45 126.492054010212
5551.68 3711.30272609118
2205.88 2428.26035057385
19342.1 12164.9962391882
55.33 2328.02972324888
18871.9 14152.8710257825
3529.34 5816.30116033762
427.285 698.17745912596
12103.4 7721.53812474822
9871.58 10410.3960015647
4895.85 6959.36801793563
4412.01 2781.14642605229
466.675 136.270816322765
1079.02 1321.38750374832
8491.02 4643.7830141611
6546.17 7619.45721765812
4215.45 3196.21089337782
5951.49 3672.74936230645
569.9 984.189408872616
12052.9 9236.15696126758
1249.66 2599.34941386058
4783.07 6632.56816233932
1045.27 1589.08549466208
168.785 531.741813094233
155.34 731.264014687611
2819.74 4945.3652613495
4320.62 2590.37379728207
759.01 101.939700801616
413.17 4257.63133300016
159.55 17.8144162161798
11215 8557.74456627946
1437.36 734.866276028565
501.665 1206.29361390943
8110.61 8348.45884973682
3149.96 2740.0747430502
2377.43 3524.21576406355
2680.01 3002.66601445931
3324.04 2660.40428857266
12053.1 7229.45871153265
5944.44 5087.33338248035
0 -193.393661898845
274.835 215.570318876741
4808.32 5765.58591788357
4250.23 6855.1106839202
1560.81 1745.51301660402
901.445 1565.96490734713
2445.94 1443.38053909875
259.135 -490.311606040325
1323.63 1448.49880057376
2736 3540.68449915827
2874.09 4815.82660616951
4494.03 3388.53135824167
6902.89 5531.96207783805
6410.99 9425.74205105895
650.405 13.7123117219906
3087.53 5705.82085796852
422.905 11567.3789869274
953.615 670.720790722071
7268.82 8731.42821689899
1654.51 3056.0908728325
5048.69 4566.60574378371
3317.19 7836.56145456256
1805.2 2243.12464508772
2362.52 2311.37947525224
3622.34 5607.49158888803
4007.71 5339.77009912456
719.79 -113.645943260089
1329.59 3821.913354383
6069.23 11723.5607842789
561.34 527.041835305464
5196.66 4909.41107761271
2897.23 2824.37275214051
2038 2512.77619807681
1529.23 7310.3605504737
13174.9 7493.02022933659
562.575 1501.62149980804
1608.19 1298.07630342557
5874.47 3228.20830569715
6783.97 8205.88183764071
1026.54 868.187773230228
794.77 1387.20260408007
6672.16 3304.35690500627
0 -424.281429739788
267.625 389.925402749703
3037.18 3761.57364753879
0 -1253.96351073423
4235.62 3784.31747701792
1809.27 4818.26235154904
55.435 -541.27006252606
3301.12 5114.05460679713
15315.7 11494.6296383392
203.04 807.297415704808
4983.02 6896.70605312582
63.845 1583.30994185105
5002.38 6395.99994059986
26.07 129.154609473316
2169.06 3315.70487621327
8378.56 7897.68413545382
863.28 11.3658303197295
3748.82 3663.21324888146
346.54 1608.44028436427
343.55 -335.364557188321
4118.93 2276.67657960423
275.295 589.561444305049
31.235 -560.273444560163
5348.43 6032.54195265416
14402.4 7752.32836106833
851.75 3286.97013465426
1280.01 2246.55128640074
4069.69 6533.9138366776
4059.12 4555.48211543926
624.54 1832.41800646541
337.83 1881.39964217018
1357.36 1129.84125177609
3918.07 786.71627680692
5848.57 4443.92689856542
2401.43 2110.41473331167
10422 9055.57245445177
0 -154.57196430571
16345.5 10252.6748761792
3842.16 5994.0746276652
0 -79.3379949709081
8185.44 8935.69653131571
5704.92 7412.18098021286
1801.65 3227.57954843598
2207.95 2072.08822487784
1569.08 789.82317338579
6468.06 5748.1209666643
2598.45 1711.71880157586
13446.2 10884.7411324692
340.575 2036.01893066125
20748.3 14315.5934248158
2750.91 4697.9841398033
718.19 -241.934033860643
4055.52 4354.48161337641
12641.1 6846.33167997445
2555.41 5941.16716187309
1533.53 2865.9579322787
840.205 -986.004480774622
1280.83 1144.05023174203
5626.16 4448.73925411015
5857.3 7059.60893156055
2593.09 3431.13889420023
4789.55 3231.79222112821
323.525 42.7497799804235
5705.26 6772.24516876583
2687.79 831.273283605065
0 -1444.16474383827
4774.25 4789.45441447503
628.645 -120.410807499684
2131.55 1309.66002906248
2436.23 3079.37053204895
316.025 2417.46674963458
4124.08 5784.92366608252
2967.98 1624.64528355925
2332.45 2038.975186937
504.825 856.051701743186
7606.05 8868.84407223432
927.525 2028.19143367536
292.285 1188.82143552261
9785.05 9569.13043463805
3087.52 1604.20082491351
1268.25 2667.60879649845
1048.16 2158.80904841232
3885.9 3013.57425719259
7538.6 5152.01800312088
4051.69 3495.83307254423
741.385 -197.109475396514
1037.63 2605.77007891141
7547.64 6957.48997867812
7185.36 6934.00413313506
1109.24 1416.53025047486
333.505 -614.399001960486
3393.08 871.23171163231
834.92 1876.22255745927
3162.58 4012.59577291082
1615.7 4739.72285218165
3878.13 2935.34969944687
7036.19 8296.60509497507
10561.9 9957.6202894394
963.93 149.316710720844
4074.52 6663.58167094029
2755.51 7557.88749566198
1181.29 529.649731949332
4482.96 4948.16612714921
27.43 1445.10624992634
3367.24 2922.70315584037
4769.89 4947.0835274908
607.825 -51.9012567297395
229.855 261.24163337922
4541.45 5291.63021814377
6494.73 8506.24764656975
250.755 -902.590465783834
414.525 3033.62044414992
4816.8 11688.9395884769
783.245 490.745822987757
5786.84 8050.80011129017
1989.88 4248.39538322935
1956.69 2057.34559904972
8435.28 7387.5272675475
6819.97 5096.29671990348
272.62 -476.73956166023
188.515 328.278565464231
4362.98 4966.95959343804
8170.02 8378.91484624993
759.77 1439.94300152454
0 -1030.7549646546
863.305 2088.78697346118
0 -1382.67597637668
10959.5 9559.13860467754
10182.5 12105.4385312908
0 1861.08003516412
2809.27 3043.55314174336
2157.4 6408.25241495663
47.85 -75.4548631489015
2892.5 5533.93191135941
12318.3 11313.8758027874
5004.61 7296.42544401037
0 1815.12722490286
3566.35 6525.97338292557
4.55 603.319327579678
2027.61 2151.04923320203
3392.17 5081.93172485863
224.135 -757.81882602874
41.63 -579.369260788453
482.62 1605.15796465984
25.805 -410.519616258649
803.475 4708.55456219919
9023.25 11276.6390737894
6884.25 7587.92851722446
1285.4 3045.56553088816
5082.95 7266.05485870886
9327.74 7025.72935513515
1089.51 1388.62819877411
1089.77 -151.401677892971
2839.55 4141.53055925853
4875.62 7439.26761596541
612.545 2129.33267755561
461.58 807.901586853028
420.43 -680.680989862678
