V1 V2
4010.12 5362.92324280169
9026.91 12243.3258806348
5224.6 6589.43706025394
779.795 76.3355214437991
11763.3 10354.8215420194
2560.65 2875.30962399603
8933.42 6414.69064017055
16553.6 13062.5038758771
10491.2 8380.23937727003
3476.59 2456.3792855852
6186.25 6951.55996181834
6831.74 3654.97377079439
5503.3 5713.06435656263
8481.79 6941.21603302004
8493.14 7084.07996863281
3930.92 3458.60710554675
4971.38 6573.21889021794
6439.32 7083.64380266193
4146.18 4796.37072954247
10177.3 11800.78493989
5987.44 5818.86366059647
433.675 465.625398150399
9179.03 10696.1657045857
1435.5 3228.32163352456
1770.32 -473.957711371111
11111.1 9398.48833951168
929.615 -360.99763903184
7506.08 6889.54096550508
12953.5 9227.70576217349
2719.93 4904.87908656286
12093.4 5370.77012207794
3111.27 4885.34563142003
5478.23 3059.49332109705
7801.51 7319.16028954718
617.435 1850.80854643405
1101.81 2747.6642769061
8772.61 9536.77075023787
3039.27 3424.46262475369
11861.2 11085.2889626535
892.715 264.648762107349
14458.2 10928.0598465347
9146.96 7083.68979445922
10929.6 14034.755865207
9358.07 10268.5088810951
5717.86 7365.05753764667
3096.22 3526.23140026189
1606.83 4834.63954089828
4054.2 4270.90839620618
10626.2 9591.74540073202
2770.7 3697.96323650075
445.45 2817.31721794632
1286.67 3868.3046949617
2060.04 2366.33976422553
791.815 -107.711618331937
10746.4 7287.14293999402
11370.1 9729.06659956592
5623.1 3641.4556616602
821.475 1368.87869375103
3742.92 4218.81360109714
5152.27 4013.59897299219
6889.27 7561.27794024162
413.055 506.386461815184
4625.45 4368.97584502971
8490.86 9292.17629287306
8000.11 6523.31422992862
2118.25 668.161083839078
1011.71 -615.971527401881
2334.76 1844.93991973618
4895.66 3824.82842522483
118.895 -824.637296765677
734.715 1050.04796975243
7618.92 7008.84796657542
3051.53 6578.67931717728
1762.11 2175.30723063807
387.895 -936.66180093797
7373.97 7021.19983204185
335.335 1108.37554315016
0 573.189012891293
8361.92 8975.66692015649
10459.8 9115.34327268286
0 1122.74670909292
1002.59 1341.98659739835
3330.11 2162.10087390965
2117.2 2084.21001365389
383.175 -1397.76021838248
30.365 -1309.4115605417
7370.75 7268.55057583751
8295.69 7606.40777944302
1323.64 2412.10967404691
861.155 1595.47306814104
7529.28 8271.88585797255
5808.35 8275.32467472637
2009.76 2850.9643739263
12080.7 12915.4566419591
6769.92 6813.23691638024
4045 7290.74980185489
4995.66 4945.073856015
4938.52 7757.85109542314
5323.22 4030.54040891534
4370.11 6679.99292819645
6247.96 6867.75813968284
3857.11 7537.01776245604
2605.83 4657.5891152428
2611.11 4906.94110769507
684.115 2078.47353397553
8700.11 13322.2005667778
1591.7 1342.59492347398
14486.6 11442.1822963978
2454.78 3375.26995086223
1331.38 4119.15686798014
4128.62 5577.75602909689
5283.22 5935.08040212845
10172.8 10182.5520321329
9983.09 10121.0089733221
2634.41 4348.24404808448
3526.36 5316.89822402027
845.305 -332.492515883591
205.73 258.686285155492
3927.76 4059.97598424199
3125.31 4195.48772706709
4746.24 4910.69124920215
3152.2 5428.02034161786
3698.96 4991.0312228682
3645.31 5438.85488129831
5909.54 5585.19258014979
11477.5 14517.9470164918
5916.75 6527.30796000021
3139.76 3957.95702621797
14586.8 12501.6521815529
4848.59 6448.24749953995
562.225 1143.65931566858
1501.65 7175.56027515958
1982.74 2024.59918213768
0 -1483.99709150755
17579.8 12156.021007276
502.575 814.402802198005
631.38 1960.4832039166
15485.9 13145.1183702526
2359.73 3928.74849354613
3009.93 2317.71394219892
11165.7 9919.11501082109
4191.13 3672.46460225996
5413.4 4596.37012318273
14224.9 12892.0688364047
9295.35 5181.22555143688
6673.8 4118.63043112709
15559.9 12228.1667892155
7577.18 6484.62744799672
2642.55 3761.66751456925
1387.97 2468.76127682983
1866.9 3420.49750237969
1379.59 2188.73959050793
10656.7 7613.7234911286
2306.45 1796.07977648559
10967.1 5879.03013194386
2481.17 2226.22879688341
16464.4 8283.92439214982
534 2384.15485184012
4227.54 5548.00987883251
1216.14 5779.66189588207
13866.4 10920.0741523033
3155.52 3294.2060143528
15924.6 10976.7922622231
2131.16 3348.54296173285
3487.03 12017.1215142484
714.78 624.697811546378
4107.01 5978.7392478686
2303.42 5082.72407304432
13668.7 12302.2394956278
1450.93 518.675296579866
11558.4 8859.48817786742
2182.35 1008.9192168466
7642.41 11652.7117398238
3311.03 3505.17273962266
804.43 5718.90316235993
3376.84 3824.65353317746
2177.95 2860.51915406775
580.345 3268.41903320497
0 1424.96450743693
3665.88 4504.26051933256
1122.77 791.69876044867
276.805 -1156.03298309164
251.495 1306.22611380639
6107.51 3982.46723089212
294.325 1250.28904287046
0 -2486.98197010257
0 -1243.84988418172
4186.44 5559.78376009926
5360.44 4690.80273923743
1991.33 567.522776052315
757.335 -200.782029772938
5641.1 7561.01716581815
4846.25 3510.63172641015
1162.16 1761.81170936117
6068.5 7550.26688610889
1205.7 260.440672776782
0 433.839710115965
361.22 -1621.47367730819
0 -2944.56617800782
4472.86 3915.3386997953
0 -2518.8412627974
0 -2312.69463364285
4125.34 5499.89650554581
7061.24 5981.82091746258
3308.71 1153.4327193359
892.96 1889.05720065924
3381.72 8089.76581963268
2644.23 8958.97549880875
574.57 1672.47278139231
112.42 1492.43848459367
1087.45 1077.12801981493
146.695 517.17655756559
68.395 -1512.44086891354
234.87 -1753.93666450958
5731.53 4403.07124238943
6011.2 5536.33988556315
7848.79 6482.91789191392
16291.3 13760.4136885974
424.015 1827.76759668805
116.105 -929.559572858543
70.005 17.8376090157326
16780 14575.4552258073
1155.29 2587.63079414339
11545.5 9902.68573823949
5391.13 5233.78211826813
16042.5 11410.8553143599
4087.56 4859.1337230853
7124.55 6954.63991039395
5629.53 6798.81725069147
16992.9 13467.4953733013
0 -3675.09454407872
2824.62 4480.26369286824
317.925 -2105.31644694036
0 -1202.86830456592
1736.02 2524.89432237444
3678.07 3303.82240755292
9785.87 6337.65775558723
7833.22 7070.19625529624
3820.69 4497.61494557373
3203.43 6168.09853216726
697.495 -38.5884555815609
308.22 470.180211674112
7776.69 7651.28734909696
12378.4 6989.7931175936
584.54 -419.397149716387
39.645 -780.542649993405
321.615 828.437764055496
342.27 268.039999365042
1585.68 651.123373606091
7545.38 8574.07515332397
2181.88 3070.70394728839
3138.9 4401.33219197515
4494.16 8109.80160733296
4328.58 5621.19123720209
6999.1 6359.29627573492
1054.15 1178.7598030082
11890 9530.48865254522
1778.47 2914.61018287962
6142.12 6416.75503288174
4579.36 3308.96777602939
188.84 -1933.19231070333
2283.99 4937.57910202246
123.855 -699.368751728125
1410.59 2151.81643936024
11326.4 10248.8197829409
3518.24 4309.81437683637
2828.11 2307.13502561239
13486.5 10399.6430242359
5262.69 4617.58614391826
1065.94 3678.77224187355
2472.77 3348.20548913705
3488.9 3558.09501481949
8474.07 3995.92701232536
832.635 2904.80856821115
5772.76 4314.33711970058
4112.82 4491.0565754061
121.665 -949.014988483954
3743.88 2909.62006708843
15074.4 9024.97878423414
1890.97 2506.26220881713
6002.08 4066.18463482902
3736.83 3948.03932028356
311.335 -1944.9744609567
12555.3 12625.1394333409
13073.8 10957.4323248698
7125.53 10293.3956969873
565.885 460.899620531906
7037.42 6020.27975333601
5463.56 8492.47202127183
9070.54 9056.12397631547
1261.36 928.252157283395
3564.19 7137.97322300861
9841.21 9807.71154936208
4836.97 5347.57475420218
2096.09 5095.85341548449
3009.57 3709.30025515389
9488.1 9216.20962897725
1106.32 7636.45614646559
1141.86 346.829885734186
9600.19 9365.13736220663
10257.1 7046.51345859483
8843.78 6289.98675430835
11153.1 9715.84115799144
2378.38 4544.0976368591
6439.69 5228.61161784849
5830.76 4690.96146212966
3681.89 3332.75425539201
9608.21 7335.3740754141
295.905 930.79526836361
10032.2 10880.1426513984
1716.38 2148.98632610048
4667.88 5451.88814995478
0 -948.841355176506
8433.37 8996.13628355256
3936.71 4807.5767624753
5964.9 5584.85746502973
5896.06 9114.87744780513
6779.18 6235.64592328396
1632.72 1907.91161515433
10484.6 9278.88246243803
1120.39 1786.9518593977
5523.02 5739.3630262672
2939.15 2177.49219195091
2711.29 4778.04533195662
476.32 1282.84742372319
1984.49 1621.3407969394
4816.03 4240.88687840275
3033.59 3160.74202939265
7198.1 9775.64642988818
9165.48 9333.37411650149
4374.96 6419.68144395093
7202.99 6892.34432688489
627.055 1411.67764591912
1190.89 1473.03073699879
13879.2 8711.51553237801
9871.42 9262.908656523
9196.9 5994.63974374126
10087.8 6676.40703727681
5978.85 4251.62658343995
5931.93 4418.90158410265
33.785 -268.665464072604
868.195 3129.07482576828
4957.01 6345.85959922071
5185.58 6270.82559693024
312.41 -391.354670003992
6250.34 8891.58744747552
398.74 -84.9623952317122
14186.4 10625.0084706014
5397.32 6362.12908016313
42.095 -1811.79569010378
4971.31 8432.9896998428
4101.58 4354.47587271323
483.215 357.722567121394
3547.36 5015.66199164312
2297.4 5718.41902613882
2761.35 4031.39573475466
6503.82 7466.16985098057
10696.7 7432.0594789451
3179.85 6801.08059114208
4635.89 7430.91577732828
7623.41 7701.92761310495
1767.52 2803.45309564536
1198.08 2647.1237089728
10220.6 9187.88631456413
8179.41 9205.54931734948
3421.24 4836.91100512706
2108.15 4115.02885156192
2014.22 4738.30969203666
7837.88 7000.25204967682
7010.54 6340.1336367958
7286.34 7213.31379374486
7118.58 7719.06993980238
6420.52 6607.80571487176
7799.86 7740.97738372483
0 -1749.19281530831
273.01 1253.04715026749
0 -2226.37241544049
909.005 271.422383630622
14269.8 12139.8082447179
2418.14 2262.54374077981
6260.58 4390.359126781
1262.06 4903.50234549663
8469.57 6000.44554823978
2185.17 2821.06234111573
10697.1 7543.38636845808
4234.64 3282.65745659878
51.61 -737.758012377892
7380.89 6831.20754122145
1153.75 -1122.47375114152
5801.42 5605.30292943695
17486.2 12020.853863077
7004.73 8100.40565173036
0 -1763.73958064068
1440.58 3050.62464107708
186.645 -857.179371524458
114.085 -1879.16061619235
9846.16 6882.6966083269
510.3 -281.061746819683
781.54 1041.47452584754
178.185 6493.77971291056
391.345 1340.50758795822
4684.23 5026.99256989057
1171.66 2767.06724626617
7718.79 6631.76799122786
1924.75 4043.01110250374
7742.22 6547.86933429644
1003.17 1296.38546186243
1717.27 938.184321423357
1139.92 875.91384953609
15236.3 14198.6933784088
2287.35 6572.8246967491
2047.63 2009.71090074567
2147.34 6124.41212516412
663.23 1261.59815402849
14781.6 11537.7625835657
6233.53 6167.48718616544
899.605 -475.446367256319
11626.4 11458.8049797989
11983.2 12098.8508255934
4044.89 5606.52372920398
2218.96 7257.86846569666
9373.05 9627.8246019996
609.405 1812.18616899384
175.51 849.588829977147
3520.96 3656.62847205993
1180.75 2667.5451372299
379.275 788.058743737913
387.475 1783.27035557249
8530.4 6742.47554659793
2062.98 1495.81297067309
6630.16 5372.38230006123
4341.59 5254.3077156122
11938.5 9488.03035489983
736.32 2321.0218020447
188.61 4352.29782427807
12926.2 12656.4762413458
1951.02 2035.41950542465
11740.3 8211.3466789605
564.905 915.879330034386
2013.64 3225.97212897007
124.145 -790.008579497122
442.85 2662.14715705071
1005.48 3183.25079574804
16174 13671.2761778824
93.74 -2024.33982380421
5693.59 6649.84262492651
363.84 -493.381211126389
5074.58 5882.56576084151
2678.29 2185.43321973261
11721.4 8307.30340114209
2869.77 962.177440068841
2446.34 1706.50611994344
10304.5 8043.21443451705
8809.09 7880.2249156586
0 4571.18615391058
2368.67 3868.22097617903
0 2913.23541895849
786.035 4421.30810341939
536.655 -1334.28147880441
491.5 -1698.69104817135
7271.66 6530.90602161853
1001.88 7597.06929737604
926.835 7094.18004212564
7058.1 7676.5281055163
11236.9 8854.57041471518
9155.03 9569.29234313272
0 -2744.31585099296
7622.17 8714.93668999601
1126.42 4276.73504758692
12818.8 9990.45599491744
350.66 109.922835966122
11920.2 10088.539102539
842.81 6135.77508561375
8917.45 7785.63249641129
3.695 -440.51321540471
8928.72 7650.11665605083
234.5 -1228.70193070709
3760.47 6063.69787276303
6.505 -2607.03618767547
12909.8 12293.4400363183
979.99 2888.40214567055
5543.1 6396.86564776778
3344.53 3885.02209326325
3725.97 4453.47733415504
4811.58 7055.97200018189
5401.01 8212.94855370331
2603.18 5096.72046082609
3343.77 6567.82802824561
5099.72 6663.33945007148
2300.17 2928.68091435528
2175.35 2811.03384716992
163.99 -1753.87531943194
737.78 -1737.67398603355
1660.56 3197.18804313296
1663.82 2679.30458021761
139.19 -2484.53868486464
2898.37 3947.43214071208
3499.39 4743.86446466838
7419.61 6490.47546963518
7754.89 8121.69787992397
