V1 V3 V2.x V2.y V2.x V2.y V2.x V2.y V2.x V2.y
AGF 2 1085.243764 1085.243764 964.7903865 2107.444074 1205.558898 2302.085724 2723.215222 11567.37899
AGP 2 1481.592393 1481.592393 966.6120796 2008.861229 1267.926035 2168.077446 2468.926551 11723.56078
APF 2 1428.04783 1428.04783 1207.758408 2563.915348 1422.340259 2567.614577 3265.690077 14315.59342
APL 2 1464.781154 1464.781154 1109.607508 2487.004763 1385.616212 2701.894779 3205.707237 14152.87103
APP 2 1817.899469 1817.899469 1041.56442 2452.426152 1349.33101 2704.431723 2463.44401 12966.81111
APR 2 1487.796682 1487.796682 1131.304561 2466.53166 1562.170149 2534.292416 3082.748457 13439.69231
FFR 1 959.3759417 959.3759417 822.4566421 2332.746321 1099.058737 2336.806187 2762.778458 10293.3957
FPF 2 1165.090492 1165.090492 861.5265979 2016.408579 1056.440507 2076.201649 2858.932522 10884.74113
FPL 2 1267.539373 1267.539373 827.1527735 2142.378731 1021.177409 2102.614205 2698.386259 12164.99624
FPP 2 1301.712234 1301.712234 833.849095 2091.506306 1142.703518 1908.926943 2695.160558 12105.43853
LPF 2 1152.325803 1152.325803 847.611207 2252.834296 1070.896435 2298.219276 2880.72232 11313.8758
LPL 2 1238.300633 1238.300633 789.2649944 2134.888717 988.9803833 2353.843579 2771.461386 11494.62964
LPP 2 1365.250176 1365.250176 754.7565425 1932.302687 1056.771716 2179.650576 2436.297443 11276.63907
LPR 2 1029.653492 1029.653492 692.8843196 1777.273362 997.320913 1949.201125 2091.752525 10410.396
RAA 1 1507.063961 1507.063961 752.9524482 2320.265143 1136.787405 2807.147422 2922.303904 13467.49537
RAF 1 1448.426135 1448.426135 762.9725943 2448.923497 1024.446598 2477.603461 2886.658278 12020.85386
RAK 1 1773.78373 1773.78373 1062.856781 2846.531497 1451.798671 3030.355162 2946.027159 14198.69338
RAL 1 1415.11935 1415.11935 835.0867328 2446.272417 1173.522155 2677.316029 3138.985192 12501.65218
RAQ 1 1280.319109 1280.319109 970.3907541 2125.229002 1211.165908 2270.068075 2650.523396 10976.79226
RAR 1 1609.734203 1609.734203 1045.136362 3054.026813 1412.518596 2673.635918 3117.140207 13760.41369
RAV 1 1385.213849 1385.213849 827.9558801 2210.912973 1126.470968 2562.139473 2843.700366 12228.16679
RFA 1 1062.985185 1062.985185 617.6657381 2303.562796 1087.585955 2509.792292 2382.473166 12892.06884
RFF 1 1062.606383 1062.606383 640.573534 2253.330015 955.0859276 2381.617945 2489.180957 12098.85083
RFK 1 1409.204235 1409.204235 784.2932427 2801.468004 1229.46317 2735.24936 2327.451166 12656.47624
RFR 1 1492.46751 1492.46751 1077.741411 3371.243979 1390.329989 3106.583902 3155.997882 14517.94702
RGA 1 1367.113635 1367.113635 766.8624846 2314.614134 1214.907395 2714.54838 2746.45182 13322.20057
RGK 1 1501.9126 1501.9126 841.9299839 2487.846382 1388.248565 2554.959945 2528.760455 12625.13943
RGQ 1 1092.955384 1092.955384 820.2436557 2078.800206 1083.16477 2345.999756 2151.234337 11085.28896
RGR 1 1342.72933 1342.72933 855.2301166 2415.873627 1090.766123 2535.525555 2432.399581 12915.45664
RGV 1 1059.154566 1059.154566 644.5765035 2006.559283 1004.119597 2399.150505 2323.250225 10696.1657
RLA 1 1097.517077 1097.517077 669.4431433 2090.825971 1057.215921 2331.845319 2459.998653 11800.78494
RLK 1 1347.900624 1347.900624 772.0041939 2407.873064 1130.907289 2411.952242 2209.300478 10880.14265
RLR 1 1196.03856 1196.03856 1043.717552 2726.092012 1198.971141 2410.027388 2929.640653 12243.32588
RPA 1 1309.450673 1309.450673 732.1028335 2392.762176 1198.171492 2494.164816 2568.183289 14575.45523
RPK 1 1637.566845 1637.566845 934.0517298 2794.128956 1420.154152 2704.893453 2730.962785 13671.27618
RPL 1 1113.334346 1113.334346 694.996669 2338.084076 1045.920159 2403.336722 2646.333627 12302.2395
RPQ 1 1067.386202 1067.386202 790.2595184 2010.606496 1176.443431 2030.791071 2205.720214 12293.44004
RPR 1 1389.638763 1389.638763 984.102181 2646.334247 1276.599992 2439.177701 2827.440388 13145.11837
RPV 1 1137.596504 1137.596504 727.7860472 2255.534879 1069.841124 2339.59663 2521.438086 12156.02101
RRA 1 922.617992 922.617992 779.3547442 2183.699812 1132.197838 2304.116431 2206.358541 13062.50388
RRF 1 989.0616082 989.0616082 772.1349384 2327.840154 948.461338 2370.649979 2586.823518 10957.43232
RRK 1 1448.807525 1448.807525 956.4589163 2254.564756 1379.453292 2633.839089 2737.302579 11442.1823
RRL 1 910.4342303 910.4342303 784.5377534 2267.105279 998.2285146 2208.249805 2247.561085 10625.00847
RRQ 1 891.2551701 891.2551701 912.2044685 1725.731446 1296.185459 2110.107346 2447.918093 10399.64302
RRR 1 1369.438529 1369.438529 1314.544474 3132.740513 1606.109143 2958.671294 3539.776501 14034.75587
RVA 1 1119.410773 1119.410773 624.0148547 2064.852697 1043.607683 2355.615882 2300.914033 11537.76258
RVK 1 1424.383663 1424.383663 801.2862965 2489.818084 1213.476652 2549.081662 2386.6804 11458.80498
RVR 1 1184.192478 1184.192478 826.0907483 2724.057324 1141.882166 2319.491054 2677.574785 11410.85531
VPF 2 1232.789513 1232.789513 805.2353609 2292.484586 1128.296791 2360.588377 2754.31913 11238.2306
VPL 2 1270.425029 1270.425029 844.4550486 2091.175818 1103.808807 2392.57747 2724.088018 11922.86359
VPP 2 1370.405092 1370.405092 834.6157657 2096.853038 1141.15431 2235.104682 2357.489454 9879.400282
